100 318
0 1
0 1
0 2
0 7
0 0
1 2
1 2
1 2
1 2
1 2
1 2
1 2
1 1
1 1
1 1
1 1
1 1
1 1
1 1
1 1
1 40
1 3
1 0
1 0
1 0
1 7
1 43
2 0
2 0
2 1
2 1
2 1
2 2
2 2
2 2
2 2
2 2
2 2
2 2
2 2
2 21
2 25
2 56
2 60
2 7
3 1
3 1
3 2
3 2
3 2
3 2
3 2
3 0
3 0
3 0
3 7
3 46
3 56
3 3
4 2
4 2
4 2
4 2
4 0
4 32
4 7
4 1
4 1
4 4
5 1
5 1
5 1
5 7
5 2
5 2
5 2
5 2
5 2
5 2
5 2
5 2
5 2
5 2
5 2
5 2
5 2
5 0
5 0
5 39
5 43
5 73
5 5
6 2
6 2
6 2
6 2
6 7
6 7
6 1
6 39
6 39
6 67
6 29
6 32
6 6
7 7
8 1
8 8
9 7
9 9
10 2
10 2
10 2
10 7
10 7
10 10
11 2
11 2
11 11
12 1
12 2
12 2
12 2
12 3
12 12
13 2
13 13
14 3
14 7
14 14
15 2
15 15
16 1
16 16
17 1
17 7
17 17
18 2
18 0
18 1
18 1
18 1
18 18
19 13
19 19
20 0
20 1
20 20
21 21
22 1
22 2
22 22
23 2
23 0
23 1
23 23
24 1
24 91
24 24
25 25
26 2
26 2
26 7
26 1
26 1
26 26
27 2
27 68
27 27
28 2
28 78
28 28
29 2
29 29
30 0
30 30
31 1
31 31
32 32
33 2
33 2
33 43
33 33
34 1
34 34
35 2
35 2
35 29
35 7
35 35
36 1
36 2
36 36
37 2
37 37
38 37
38 2
38 38
39 39
40 40
41 2
41 32
41 41
42 2
42 42
43 1
43 2
43 82
43 43
44 7
44 44
45 1
45 63
45 45
46 46
47 2
47 47
48 2
48 48
49 0
49 2
49 49
50 2
50 50
51 2
51 51
52 2
52 7
52 52
53 25
53 53
54 2
54 54
55 2
55 2
55 32
55 55
56 56
57 21
57 57
58 0
58 47
58 58
59 2
59 59
60 60
61 2
61 61
62 2
62 62
63 63
64 7
64 64
65 0
65 65
66 2
66 66
67 67
68 68
69 1
69 1
69 69
70 7
70 70
71 2
71 71
72 2
72 72
73 73
74 1
74 74
75 40
75 75
76 1
76 76
77 2
77 77
78 78
79 0
79 79
80 0
80 80
81 0
81 81
82 82
83 40
83 83
84 1
84 84
85 2
85 85
86 2
86 86
87 66
87 87
88 68
88 88
89 2
89 89
90 60
90 90
91 91
92 88
92 92
93 2
93 93
94 47
94 94
95 7
95 95
96 2
96 96
97 1
97 97
98 0
98 98
99 2
99 99
