1000 3246
0 1
0 1
0 1
0 2
0 2
0 2
0 2
0 2
0 7
0 7
0 91
0 125
0 326
0 264
0 119
0 244
0 995
0 0
1 2
1 2
1 2
1 2
1 2
1 2
1 2
1 2
1 2
1 2
1 2
1 2
1 2
1 2
1 2
1 2
1 2
1 2
1 2
1 2
1 2
1 2
1 2
1 2
1 2
1 2
1 2
1 2
1 2
1 2
1 2
1 1
1 1
1 1
1 1
1 1
1 1
1 1
1 1
1 1
1 1
1 1
1 1
1 1
1 1
1 40
1 3
1 3
1 0
1 0
1 0
1 0
1 0
1 0
1 7
1 7
1 43
1 71
1 32
1 21
1 88
1 113
1 91
1 284
1 313
1 79
1 318
1 29
1 64
1 295
1 73
1 13
1 433
1 168
1 264
1 581
1 393
1 27
1 400
1 25
1 855
1 254
1 237
2 0
2 0
2 1
2 1
2 1
2 1
2 1
2 1
2 1
2 2
2 2
2 2
2 2
2 2
2 2
2 2
2 2
2 2
2 2
2 2
2 2
2 2
2 2
2 2
2 2
2 2
2 2
2 2
2 21
2 25
2 56
2 60
2 7
2 7
2 7
2 3
2 251
2 242
2 37
2 395
3 1
3 1
3 1
3 1
3 1
3 1
3 1
3 1
3 1
3 2
3 2
3 2
3 2
3 2
3 2
3 2
3 2
3 2
3 2
3 2
3 2
3 2
3 0
3 0
3 0
3 0
3 0
3 0
3 7
3 7
3 46
3 56
3 10
3 78
3 113
3 295
3 239
3 88
3 88
3 25
3 244
3 68
3 590
3 43
3 73
3 145
3 3
4 2
4 2
4 2
4 2
4 2
4 2
4 2
4 2
4 2
4 2
4 2
4 2
4 2
4 2
4 2
4 2
4 2
4 0
4 32
4 7
4 7
4 7
4 7
4 7
4 7
4 1
4 1
4 1
4 1
4 1
4 1
4 63
4 186
4 193
4 155
4 153
4 37
4 37
4 316
4 251
4 244
4 310
4 318
4 309
4 125
4 21
4 47
4 147
4 463
4 268
4 4
5 1
5 1
5 1
5 1
5 1
5 1
5 1
5 1
5 1
5 7
5 7
5 7
5 2
5 2
5 2
5 2
5 2
5 2
5 2
5 2
5 2
5 2
5 2
5 2
5 2
5 2
5 2
5 2
5 2
5 2
5 2
5 2
5 2
5 2
5 2
5 2
5 2
5 2
5 2
5 2
5 2
5 2
5 0
5 0
5 0
5 0
5 0
5 0
5 0
5 39
5 43
5 73
5 73
5 68
5 201
5 239
5 71
5 393
5 37
5 91
5 21
5 79
5 310
5 32
5 78
5 47
5 816
5 186
5 189
5 5
6 2
6 2
6 2
6 2
6 2
6 2
6 2
6 2
6 2
6 2
6 7
6 7
6 1
6 1
6 1
6 1
6 39
6 39
6 67
6 29
6 32
6 32
6 161
6 155
6 21
6 21
6 0
6 0
6 20
6 181
6 152
6 91
6 68
6 13
6 852
6 6
7 7
8 1
8 113
8 8
9 7
9 78
9 9
10 2
10 2
10 2
10 2
10 2
10 2
10 2
10 2
10 2
10 7
10 7
10 7
10 83
10 312
10 68
10 0
10 0
10 11
10 287
10 66
10 71
10 1
10 25
10 10
11 2
11 2
11 11
12 1
12 1
12 1
12 1
12 1
12 2
12 2
12 2
12 2
12 2
12 2
12 2
12 3
12 0
12 79
12 673
12 817
12 12
13 2
13 13
14 3
14 7
14 2
14 35
14 25
14 1
14 82
14 44
14 14
14 14
14 898
14 45
15 2
15 2
15 2
15 2
15 2
15 2
15 7
15 32
15 0
15 69
15 15
16 1
16 2
16 248
16 7
16 16
17 1
17 1
17 1
17 7
17 7
17 140
17 168
17 71
17 0
17 201
17 546
17 2
17 17
18 2
18 2
18 2
18 0
18 1
18 1
18 1
18 1
18 7
18 7
18 71
18 79
18 21
18 82
18 202
18 3
18 284
18 18
19 13
19 342
19 19
20 0
20 1
20 2
20 2
20 20
21 21
22 1
22 1
22 2
22 2
22 2
22 2
22 155
22 22
23 2
23 2
23 2
23 2
23 0
23 0
23 1
23 1
23 82
23 156
23 7
23 7
23 123
23 56
23 47
23 395
23 3
23 23
24 1
24 91
24 24
25 25
26 2
26 2
26 2
26 2
26 2
26 2
26 7
26 1
26 1
26 1
26 1
26 1
26 0
26 0
26 0
26 55
26 39
26 268
26 350
26 14
26 384
26 43
26 119
26 37
26 244
26 26
27 2
27 2
27 2
27 2
27 2
27 68
27 0
27 123
27 1
27 37
27 27
28 2
28 78
28 28
29 2
29 29
30 0
30 2
30 2
30 2
30 7
30 309
30 155
30 30
31 1
31 1
31 2
31 73
31 37
31 443
31 31
32 32
33 2
33 2
33 2
33 2
33 2
33 2
33 2
33 2
33 2
33 43
33 13
33 1
33 1
33 3
33 205
33 694
33 0
33 857
33 33
34 1
34 34
35 2
35 2
35 2
35 2
35 2
35 2
35 29
35 7
35 7
35 1
35 1
35 113
35 714
35 35
36 1
36 2
36 2
36 36
37 2
37 2
37 2
37 2
37 2
37 2
37 155
37 0
37 186
37 153
37 79
37 1
37 1
37 1
37 1
37 1
37 244
37 575
37 43
37 334
37 7
37 37
38 37
38 2
38 2
38 2
38 1
38 1
38 9
38 38
39 39
40 40
41 2
41 2
41 2
41 2
41 2
41 2
41 2
41 2
41 32
41 0
41 0
41 1
41 1
41 1
41 63
41 40
41 244
41 748
41 748
41 25
41 948
41 41
42 2
42 2
42 2
42 2
42 2
42 2
42 1
42 7
42 88
42 63
42 79
42 40
42 42
43 1
43 1
43 2
43 2
43 2
43 2
43 82
43 7
43 144
43 868
43 43
44 7
44 44
45 1
45 1
45 1
45 63
45 63
45 7
45 7
45 0
45 169
45 347
45 2
45 45
46 46
47 2
47 2
47 2
47 70
47 43
47 0
47 78
47 47
48 2
48 48
49 0
49 2
49 2
49 2
49 2
49 2
49 2
49 2
49 2
49 2
49 7
49 1
49 1
49 885
49 49
50 2
50 1
50 426
50 244
50 50
51 2
51 2
51 51
52 2
52 2
52 2
52 7
52 7
52 1
52 1
52 1
52 287
52 91
52 0
52 35
52 52
53 25
53 32
53 53
54 2
54 0
54 54
55 2
55 2
55 2
55 2
55 2
55 32
55 256
55 91
55 13
55 519
55 125
55 0
55 55
56 56
57 21
57 6
57 2
57 1
57 57
58 0
58 47
58 2
58 2
58 2
58 125
58 125
58 1
58 1
58 1
58 201
58 78
58 248
58 462
58 58
59 2
59 2
59 2
59 2
59 2
59 2
59 140
59 0
59 0
59 268
59 7
59 113
59 59
60 60
61 2
61 2
61 61
62 2
62 2
62 2
62 123
62 251
62 22
62 239
62 62
63 63
64 7
64 1
64 2
64 2
64 64
65 0
65 0
65 0
65 2
65 2
65 2
65 2
65 140
65 273
65 1
65 1
65 66
65 7
65 156
65 148
65 373
65 634
65 65
66 2
66 60
66 66
67 67
68 68
69 1
69 1
69 2
69 69
70 7
70 7
70 155
70 70
71 2
71 2
71 60
71 1
71 71
72 2
72 2
72 433
72 1
72 72
73 73
74 1
74 1
74 1
74 1
74 1
74 7
74 7
74 0
74 0
74 2
74 2
74 2
74 2
74 443
74 890
74 74
75 40
75 1
75 1
75 13
75 2
75 75
76 1
76 76
77 2
77 77
78 78
79 0
79 2
79 91
79 79
80 0
80 153
80 2
80 2
80 395
80 80
81 0
81 2
81 1
81 1
81 1
81 1
81 219
81 81
82 82
83 40
83 310
83 43
83 83
84 1
84 1
84 2
84 145
84 7
84 84
85 2
85 85
86 2
86 2
86 2
86 125
86 251
86 86
87 66
87 2
87 2
87 7
87 87
88 68
88 88
89 2
89 2
89 25
89 125
89 1
89 1
89 1
89 37
89 43
89 0
89 168
89 89
90 60
90 2
90 2
90 244
90 90
91 91
92 88
92 308
92 92
93 2
93 93
94 47
94 0
94 7
94 94
95 7
95 2
95 95
96 2
96 2
96 229
96 96
97 1
97 1
97 2
97 2
97 2
97 2
97 35
97 892
97 97
98 0
98 98
99 2
99 331
99 99
100 2
100 2
100 2
100 28
100 658
100 874
100 100
101 2
101 2
101 101
102 2
102 268
102 201
102 102
103 13
103 22
103 2
103 103
104 7
104 1
104 1
104 272
104 104
105 7
105 105
106 7
106 839
106 106
107 91
107 91
107 2
107 107
108 47
108 1
108 7
108 32
108 32
108 27
108 91
108 108
109 1
109 1
109 1
109 2
109 2
109 2
109 2
109 0
109 0
109 143
109 171
109 78
109 63
109 519
109 7
109 7
109 54
109 21
109 109
110 1
110 1
110 47
110 475
110 110
111 7
111 130
111 2
111 2
111 1
111 1
111 1
111 40
111 32
111 347
111 869
111 987
111 111
112 2
112 112
113 2
113 2
113 2
113 2
113 2
113 1
113 7
113 807
113 113
114 2
114 114
115 7
115 115
116 2
116 116
117 6
117 10
117 0
117 403
117 502
117 43
117 63
117 2
117 117
118 2
118 2
118 2
118 118
119 3
119 1
119 119
120 2
120 120
121 2
121 121
122 43
122 66
122 359
122 2
122 2
122 122
123 0
123 45
123 2
123 13
123 7
123 71
123 71
123 130
123 1
123 123
124 60
124 2
124 2
124 2
124 2
124 7
124 310
124 186
124 124
125 68
125 125
126 1
126 126
127 0
127 0
127 7
127 43
127 1
127 127
128 47
128 2
128 2
128 463
128 0
128 128
129 2
129 2
129 1
129 7
129 876
129 129
130 130
131 1
131 131
132 3
132 574
132 132
133 25
133 0
133 223
133 576
133 753
133 133
134 52
134 134
135 0
135 130
135 2
135 582
135 135
136 2
136 0
136 136
137 2
137 137
138 1
138 138
139 2
139 139
140 140
141 0
141 2
141 141
142 21
142 1
142 2
142 142
143 2
143 143
144 2
144 144
145 47
145 145
146 2
146 146
147 1
147 147
148 25
148 148
149 7
149 149
150 2
150 334
150 150
151 7
151 2
151 1
151 151
152 1
152 152
153 119
153 829
153 153
154 40
154 154
155 1
155 2
155 2
155 155
156 156
157 45
157 249
157 157
158 2
158 158
159 0
159 310
159 159
160 7
160 160
161 161
162 7
162 32
162 162
163 2
163 83
163 1
163 1
163 403
163 25
163 163
164 2
164 7
164 164
165 0
165 0
165 165
166 7
166 166
167 0
167 0
167 0
167 2
167 2
167 337
167 288
167 167
168 168
169 1
169 123
169 169
170 156
170 1
170 1
170 1
170 1
170 276
170 3
170 130
170 636
170 38
170 91
170 161
170 205
170 0
170 170
171 2
171 7
171 0
171 171
172 78
172 7
172 7
172 1
172 172
173 2
173 0
173 173
174 1
174 1
174 1
174 7
174 244
174 21
174 692
174 2
174 174
175 2
175 244
175 84
175 39
175 201
175 0
175 1
175 175
176 37
176 176
177 32
177 177
178 37
178 178
179 1
179 179
180 1
180 1
180 7
180 180
181 2
181 2
181 2
181 181
182 2
182 2
182 2
182 0
182 7
182 47
182 64
182 182
183 13
183 183
184 7
184 184
185 156
185 2
185 45
185 185
186 186
187 40
187 1
187 2
187 38
187 187
188 0
188 25
188 412
188 188
189 91
189 7
189 7
189 156
189 2
189 0
189 0
189 777
189 189
190 2
190 2
190 190
191 7
191 0
191 28
191 1
191 443
191 32
191 40
191 191
192 1
192 192
193 193
194 2
194 2
194 2
194 0
194 1
194 1
194 415
194 194
195 71
195 268
195 43
195 3
195 1
195 256
195 195
196 125
196 25
196 595
196 196
197 95
197 197
198 71
198 32
198 198
199 0
199 199
200 30
200 200
201 32
201 201
202 2
202 0
202 0
202 78
202 202
203 0
203 36
203 303
203 203
204 1
204 1
204 204
205 7
205 15
205 1
205 2
205 140
205 205
206 1
206 1
206 2
206 2
206 400
206 206
207 2
207 37
207 21
207 207
208 2
208 2
208 2
208 208
209 2
209 1
209 32
209 38
209 209
210 2
210 1
210 1
210 21
210 499
210 309
210 40
210 210
211 21
211 211
212 73
212 212
213 2
213 1
213 213
214 2
214 2
214 214
215 0
215 215
216 88
216 674
216 216
217 1
217 217
218 1
218 1
218 0
218 2
218 2
218 218
219 7
219 2
219 219
220 47
220 220
221 153
221 221
222 1
222 1
222 535
222 753
222 222
223 2
223 223
224 1
224 901
224 2
224 224
225 1
225 47
225 225
226 2
226 226
227 125
227 227
228 2
228 2
228 2
228 2
228 2
228 2
228 0
228 43
228 372
228 350
228 228
229 2
229 2
229 229
230 2
230 230
231 7
231 79
231 2
231 231
232 2
232 232
233 0
233 68
233 233
234 2
234 2
234 1
234 7
234 234
235 2
235 712
235 235
236 2
236 219
236 156
236 7
236 123
236 236
237 2
237 2
237 25
237 0
237 7
237 753
237 237
238 7
238 238
239 2
239 1
239 239
240 1
240 240
241 0
241 241
242 1
242 242
243 1
243 2
243 243
244 244
245 71
245 245
246 7
246 244
246 246
247 79
247 215
247 1
247 217
247 247
248 248
249 249
250 7
250 1
250 586
250 360
250 78
250 250
251 251
252 2
252 252
253 2
253 253
254 71
254 758
254 254
255 2
255 255
256 256
257 1
257 272
257 257
258 1
258 258
259 78
259 259
260 1
260 2
260 0
260 260
261 0
261 248
261 2
261 261
262 32
262 47
262 262
263 148
263 263
264 2
264 2
264 264
265 40
265 22
265 265
266 2
266 575
266 0
266 443
266 266
267 37
267 73
267 13
267 267
268 268
269 2
269 7
269 10
269 650
269 78
269 866
269 0
269 269
270 171
270 270
271 2
271 2
271 2
271 2
271 40
271 7
271 148
271 0
271 271
272 272
273 273
274 1
274 2
274 161
274 274
275 2
275 275
276 47
276 0
276 276
277 1
277 277
278 2
278 1
278 278
279 1
279 279
280 1
280 32
280 40
280 0
280 0
280 280
281 2
281 2
281 281
282 1
282 1
282 282
283 63
283 283
284 2
284 284
285 2
285 285
286 2
286 286
287 287
288 2
288 25
288 288
289 0
289 268
289 289
290 2
290 0
290 290
291 130
291 291
292 1
292 1
292 13
292 292
293 2
293 2
293 293
294 2
294 294
295 295
296 91
296 2
296 0
296 7
296 296
297 2
297 297
298 1
298 0
298 298
299 7
299 481
299 2
299 299
300 2
300 498
300 300
301 2
301 301
302 2
302 302
303 63
303 303
304 71
304 20
304 268
304 304
305 2
305 305
306 91
306 1
306 534
306 123
306 284
306 306
307 2
307 47
307 307
308 308
309 309
310 256
310 310
311 310
311 21
311 311
312 312
313 313
314 2
314 314
315 275
315 315
316 316
317 2
317 317
318 318
319 7
319 2
319 319
320 2
320 320
321 2
321 0
321 321
322 2
322 7
322 322
323 78
323 323
324 2
324 324
325 2
325 325
326 2
326 326
327 2
327 327
328 0
328 415
328 186
328 251
328 11
328 328
329 73
329 329
330 2
330 330
331 309
331 331
332 113
332 332
333 2
333 68
333 333
334 2
334 21
334 334
335 78
335 149
335 335
336 259
336 336
337 337
338 2
338 2
338 338
339 1
339 339
340 91
340 340
341 7
341 341
342 2
342 1
342 342
343 73
343 343
344 3
344 1
344 0
344 344
345 2
345 345
346 37
346 346
347 347
348 1
348 244
348 348
349 2
349 7
349 349
350 350
351 7
351 351
352 2
352 352
353 1
353 40
353 2
353 353
354 7
354 433
354 354
355 153
355 355
356 7
356 0
356 369
356 2
356 162
356 356
357 174
357 63
357 357
358 1
358 2
358 358
359 359
360 310
360 360
361 73
361 7
361 361
362 1
362 2
362 362
363 32
363 363
364 0
364 364
365 63
365 365
366 1
366 366
367 312
367 367
368 2
368 312
368 368
369 369
370 91
370 1
370 2
370 370
371 1
371 123
371 2
371 371
372 372
373 0
373 585
373 161
373 373
374 0
374 374
375 63
375 575
375 375
376 2
376 376
377 2
377 217
377 377
378 2
378 378
379 2
379 379
380 0
380 494
380 7
380 380
381 2
381 381
382 66
382 382
383 2
383 383
384 384
385 2
385 477
385 385
386 0
386 1
386 96
386 40
386 2
386 386
387 259
387 1
387 387
388 2
388 388
389 7
389 1
389 2
389 389
390 9
390 1
390 1
390 390
391 43
391 7
391 481
391 2
391 2
391 155
391 391
392 2
392 392
393 393
394 1
394 1
394 66
394 2
394 394
395 395
396 2
396 73
396 7
396 396
397 2
397 2
397 45
397 1
397 397
398 134
398 1
398 7
398 526
398 2
398 398
399 0
399 2
399 1
399 399
400 400
401 25
401 401
402 373
402 402
403 205
403 403
404 2
404 404
405 45
405 201
405 405
406 1
406 406
407 152
407 407
408 2
408 408
409 186
409 409
410 1
410 410
411 1
411 411
412 156
412 1
412 412
413 10
413 7
413 413
414 2
414 2
414 414
415 415
416 130
416 2
416 2
416 2
416 416
417 145
417 417
418 7
418 2
418 0
418 418
419 7
419 419
420 168
420 420
421 251
421 421
422 1
422 0
422 422
423 7
423 634
423 423
424 68
424 39
424 424
425 7
425 123
425 2
425 425
426 426
427 2
427 427
428 40
428 428
429 1
429 429
430 1
430 2
430 430
431 2
431 431
432 88
432 432
433 415
433 0
433 13
433 433
434 0
434 940
434 434
435 1
435 435
436 2
436 436
437 2
437 437
438 148
438 0
438 438
439 7
439 439
440 7
440 39
440 440
441 68
441 441
442 2
442 442
443 443
444 373
444 444
445 2
445 445
446 2
446 2
446 91
446 446
447 71
447 693
447 447
448 7
448 448
449 2
449 2
449 71
449 0
449 79
449 449
450 2
450 450
451 2
451 451
452 2
452 452
453 66
453 453
454 130
454 0
454 442
454 73
454 454
455 0
455 2
455 2
455 195
455 455
456 1
456 7
456 456
457 63
457 457
458 43
458 458
459 1
459 459
460 2
460 460
461 2
461 461
462 2
462 462
463 463
464 2
464 1
464 464
465 1
465 0
465 465
466 2
466 477
466 606
466 466
467 1
467 750
467 467
468 4
468 481
468 88
468 468
469 433
469 469
470 0
470 470
471 7
471 471
472 0
472 2
472 472
473 7
473 7
473 473
474 9
474 474
475 475
476 25
476 476
477 477
478 2
478 478
479 2
479 479
480 14
480 342
480 480
481 481
482 91
482 482
483 79
483 25
483 483
484 0
484 484
485 13
485 2
485 485
486 0
486 486
487 156
487 123
487 2
487 487
488 314
488 488
489 71
489 489
490 91
490 7
490 490
491 136
491 491
492 168
492 492
493 45
493 493
494 494
495 2
495 495
496 1
496 496
497 1
497 1
497 2
497 497
498 498
499 79
499 18
499 2
499 43
499 499
500 2
500 500
501 1
501 501
502 502
503 2
503 503
504 386
504 504
505 32
505 7
505 505
506 464
506 506
507 288
507 507
508 7
508 508
509 3
509 509
510 395
510 510
511 73
511 511
512 2
512 512
513 66
513 123
513 78
513 113
513 2
513 513
514 309
514 514
515 2
515 515
516 2
516 516
517 7
517 517
518 312
518 518
519 519
520 88
520 520
521 0
521 3
521 545
521 521
522 81
522 522
523 2
523 523
524 2
524 1
524 1
524 88
524 524
525 2
525 2
525 2
525 525
526 0
526 526
527 2
527 527
528 2
528 528
529 2
529 529
530 1
530 530
531 0
531 531
532 2
532 532
533 91
533 533
534 1
534 534
535 535
536 2
536 536
537 2
537 537
538 1
538 1
538 538
539 1
539 690
539 539
540 1
540 540
541 123
541 541
542 243
542 2
542 542
543 1
543 543
544 3
544 544
545 3
545 545
546 2
546 1
546 546
547 63
547 547
548 1
548 548
549 2
549 549
550 2
550 550
551 0
551 551
552 14
552 552
553 2
553 553
554 2
554 32
554 554
555 2
555 555
556 244
556 7
556 556
557 39
557 557
558 268
558 558
559 415
559 2
559 559
560 145
560 560
561 156
561 561
562 0
562 562
563 328
563 71
563 563
564 7
564 564
565 2
565 534
565 565
566 148
566 566
567 264
567 567
568 89
568 568
569 2
569 569
570 0
570 570
571 240
571 571
572 2
572 2
572 7
572 572
573 2
573 573
574 574
575 575
576 2
576 576
577 268
577 577
578 7
578 2
578 578
579 2
579 579
580 2
580 1
580 580
581 581
582 582
583 1
583 91
583 583
584 2
584 766
584 1
584 584
585 585
586 586
587 7
587 587
588 3
588 7
588 588
589 2
589 32
589 589
590 590
591 7
591 591
592 433
592 1
592 7
592 592
593 2
593 593
594 7
594 652
594 594
595 1
595 595
596 7
596 596
597 2
597 597
598 1
598 598
599 7
599 599
600 66
600 600
601 1
601 38
601 601
602 2
602 602
603 32
603 1
603 603
604 585
604 313
604 604
605 2
605 605
606 606
607 3
607 607
608 2
608 7
608 608
609 119
609 609
610 2
610 610
611 464
611 0
611 412
611 807
611 611
612 107
612 612
613 156
613 613
614 373
614 614
615 113
615 615
616 2
616 616
617 255
617 617
618 559
618 47
618 618
619 79
619 619
620 2
620 620
621 43
621 621
622 7
622 622
623 1
623 60
623 623
624 2
624 624
625 384
625 625
626 2
626 2
626 626
627 40
627 1
627 627
628 248
628 628
629 0
629 629
630 7
630 630
631 66
631 631
632 2
632 632
633 2
633 633
634 2
634 634
635 2
635 635
636 636
637 113
637 637
638 186
638 638
639 0
639 639
640 155
640 640
641 311
641 641
642 1
642 642
643 310
643 643
644 219
644 644
645 590
645 2
645 1
645 645
646 113
646 646
647 1
647 647
648 1
648 1
648 7
648 648
649 7
649 649
650 650
651 13
651 651
652 652
653 7
653 7
653 653
654 2
654 654
655 2
655 655
656 2
656 656
657 1
657 657
658 658
659 0
659 659
660 499
660 660
661 0
661 661
662 145
662 662
663 295
663 663
664 2
664 186
664 664
665 1
665 665
666 2
666 634
666 666
667 239
667 667
668 2
668 668
669 2
669 669
670 2
670 0
670 670
671 3
671 671
672 0
672 672
673 673
674 40
674 674
675 0
675 675
676 554
676 2
676 676
677 7
677 677
678 120
678 171
678 2
678 678
679 7
679 679
680 0
680 680
681 91
681 681
682 91
682 113
682 682
683 603
683 683
684 440
684 684
685 2
685 685
686 1
686 686
687 123
687 687
688 38
688 13
688 688
689 2
689 689
690 0
690 690
691 2
691 691
692 692
693 693
694 694
695 2
695 695
696 1
696 696
697 248
697 1
697 697
698 1
698 1
698 698
699 312
699 0
699 699
700 47
700 700
701 2
701 2
701 701
702 0
702 415
702 702
703 454
703 703
704 156
704 704
705 125
705 1
705 705
706 2
706 706
707 690
707 707
708 189
708 708
709 244
709 709
710 2
710 710
711 1
711 711
712 2
712 712
713 695
713 713
714 2
714 714
715 2
715 715
716 9
716 716
717 2
717 295
717 708
717 717
718 2
718 718
719 148
719 719
720 32
720 720
721 0
721 721
722 2
722 3
722 7
722 722
723 416
723 723
724 7
724 724
725 88
725 725
726 275
726 726
727 0
727 202
727 727
728 1
728 728
729 690
729 40
729 729
730 123
730 730
731 2
731 731
732 1
732 732
733 2
733 733
734 37
734 734
735 2
735 735
736 1
736 736
737 2
737 737
738 7
738 738
739 155
739 739
740 2
740 740
741 37
741 741
742 7
742 1
742 742
743 1
743 743
744 2
744 60
744 744
745 2
745 745
746 7
746 746
747 32
747 747
748 748
749 79
749 749
750 750
751 462
751 751
752 2
752 7
752 690
752 0
752 752
753 753
754 1
754 37
754 754
755 2
755 755
756 1
756 882
756 930
756 756
757 83
757 757
758 758
759 37
759 759
760 2
760 760
761 251
761 761
762 43
762 762
763 2
763 763
764 78
764 2
764 2
764 764
765 534
765 1
765 765
766 766
767 2
767 767
768 1
768 768
769 1
769 769
770 1
770 770
771 2
771 771
772 2
772 772
773 2
773 773
774 39
774 2
774 774
775 2
775 32
775 775
776 1
776 776
777 777
778 40
778 778
779 7
779 779
780 3
780 1
780 780
781 2
781 781
782 2
782 782
783 2
783 783
784 2
784 1
784 784
785 1
785 785
786 2
786 786
787 2
787 787
788 1
788 788
789 2
789 789
790 2
790 790
791 29
791 791
792 21
792 792
793 1
793 793
794 156
794 794
795 720
795 795
796 91
796 38
796 796
797 2
797 797
798 40
798 798
799 2
799 799
800 1
800 32
800 800
801 32
801 801
802 11
802 802
803 475
803 803
804 14
804 804
805 2
805 805
806 91
806 806
807 807
808 32
808 808
809 39
809 809
810 0
810 810
811 251
811 811
812 446
812 812
813 2
813 3
813 813
814 0
814 814
815 284
815 815
816 816
817 817
818 484
818 0
818 818
819 2
819 819
820 88
820 820
821 0
821 620
821 821
822 179
822 822
823 78
823 885
823 823
824 0
824 824
825 2
825 21
825 825
826 496
826 826
827 2
827 827
828 2
828 828
829 829
830 71
830 830
831 2
831 831
832 7
832 832
833 168
833 833
834 1
834 834
835 2
835 835
836 1
836 836
837 2
837 1
837 837
838 108
838 852
838 838
839 839
840 2
840 840
841 2
841 841
842 720
842 842
843 1
843 843
844 1
844 2
844 2
844 844
845 2
845 845
846 2
846 846
847 1
847 847
848 37
848 848
849 63
849 849
850 2
850 850
851 2
851 2
851 851
852 2
852 852
853 1
853 853
854 43
854 854
855 855
856 7
856 856
857 857
858 25
858 858
859 2
859 859
860 264
860 860
861 2
861 861
862 477
862 862
863 2
863 863
864 164
864 864
865 37
865 865
866 866
867 2
867 867
868 868
869 869
870 342
870 870
871 1
871 871
872 2
872 872
873 39
873 873
874 874
875 7
875 875
876 876
877 2
877 877
878 1
878 878
879 7
879 879
880 2
880 880
881 2
881 881
882 882
883 2
883 883
884 60
884 47
884 884
885 885
886 2
886 886
887 47
887 887
888 475
888 342
888 888
889 32
889 889
890 890
891 0
891 891
892 2
892 892
893 288
893 893
894 88
894 894
895 753
895 895
896 334
896 896
897 94
897 897
898 898
899 0
899 899
900 475
900 900
901 901
902 125
902 902
903 201
903 903
904 219
904 40
904 904
905 475
905 905
906 1
906 906
907 88
907 907
908 2
908 908
909 79
909 909
910 1
910 910
911 0
911 911
912 2
912 912
913 63
913 913
914 2
914 914
915 1
915 915
916 78
916 916
917 0
917 917
918 63
918 918
919 852
919 919
920 32
920 920
921 1
921 921
922 32
922 922
923 573
923 923
924 134
924 924
925 108
925 925
926 2
926 926
927 2
927 927
928 1
928 7
928 928
929 869
929 929
930 930
931 2
931 931
932 71
932 932
933 45
933 933
934 0
934 934
935 933
935 935
936 1
936 936
937 1
937 937
938 14
938 938
939 248
939 939
940 940
941 2
941 941
942 0
942 942
943 29
943 943
944 30
944 944
945 0
945 945
946 2
946 946
947 7
947 947
948 948
949 1
949 661
949 949
950 1
950 950
951 1
951 951
952 2
952 952
953 2
953 953
954 727
954 954
955 20
955 955
956 242
956 956
957 1
957 957
958 2
958 958
959 1
959 959
960 2
960 960
961 0
961 961
962 7
962 962
963 1
963 963
964 1
964 964
965 2
965 965
966 2
966 966
967 2
967 967
968 0
968 968
969 1
969 969
970 2
970 970
971 494
971 971
972 143
972 972
973 7
973 973
974 0
974 974
975 45
975 975
976 1
976 976
977 2
977 977
978 2
978 978
979 244
979 979
980 21
980 980
981 139
981 981
982 153
982 982
983 1
983 983
984 1
984 984
985 2
985 985
986 68
986 986
987 987
988 294
988 988
989 132
989 989
990 1
990 990
991 7
991 991
992 770
992 992
993 2
993 993
994 941
994 994
995 995
996 1
996 996
997 7
997 997
998 2
998 998
999 40
999 999
