300 977
0 1
0 1
0 2
0 2
0 2
0 2
0 7
0 91
0 0
1 2
1 2
1 2
1 2
1 2
1 2
1 2
1 2
1 2
1 2
1 2
1 2
1 2
1 2
1 1
1 1
1 1
1 1
1 1
1 1
1 1
1 1
1 1
1 1
1 40
1 3
1 0
1 0
1 0
1 0
1 0
1 7
1 7
1 43
1 71
1 32
1 21
1 88
1 113
1 91
2 0
2 0
2 1
2 1
2 1
2 2
2 2
2 2
2 2
2 2
2 2
2 2
2 2
2 2
2 2
2 2
2 2
2 2
2 21
2 25
2 56
2 60
2 7
2 7
2 3
2 251
2 242
3 1
3 1
3 1
3 2
3 2
3 2
3 2
3 2
3 2
3 2
3 2
3 2
3 0
3 0
3 0
3 0
3 0
3 0
3 7
3 7
3 46
3 56
3 10
3 78
3 113
3 295
3 3
4 2
4 2
4 2
4 2
4 2
4 2
4 2
4 2
4 2
4 2
4 2
4 2
4 2
4 2
4 0
4 32
4 7
4 7
4 1
4 1
4 63
4 186
4 193
4 155
4 153
4 37
4 4
5 1
5 1
5 1
5 1
5 1
5 7
5 2
5 2
5 2
5 2
5 2
5 2
5 2
5 2
5 2
5 2
5 2
5 2
5 2
5 2
5 2
5 2
5 2
5 2
5 2
5 2
5 2
5 2
5 2
5 2
5 0
5 0
5 0
5 0
5 39
5 43
5 73
5 68
5 201
5 239
5 5
6 2
6 2
6 2
6 2
6 2
6 2
6 7
6 7
6 1
6 1
6 39
6 39
6 67
6 29
6 32
6 32
6 161
6 155
6 21
6 0
6 20
6 6
7 7
8 1
8 8
9 7
9 78
9 9
10 2
10 2
10 2
10 2
10 7
10 7
10 83
10 10
11 2
11 2
11 11
12 1
12 1
12 1
12 2
12 2
12 2
12 2
12 2
12 3
12 0
12 12
13 2
13 13
14 3
14 7
14 2
14 35
14 14
15 2
15 2
15 2
15 7
15 15
16 1
16 2
16 248
16 16
17 1
17 1
17 7
17 140
17 168
17 71
17 17
18 2
18 2
18 0
18 1
18 1
18 1
18 7
18 71
18 18
19 13
19 19
20 0
20 1
20 20
21 21
22 1
22 2
22 22
23 2
23 0
23 0
23 1
23 82
23 156
23 7
23 123
23 23
24 1
24 91
24 24
25 25
26 2
26 2
26 2
26 2
26 2
26 7
26 1
26 1
26 0
26 0
26 55
26 39
26 26
27 2
27 2
27 2
27 68
27 0
27 123
27 27
28 2
28 78
28 28
29 2
29 29
30 0
30 2
30 2
30 7
30 30
31 1
31 2
31 73
31 31
32 32
33 2
33 2
33 2
33 2
33 2
33 43
33 13
33 1
33 33
34 1
34 34
35 2
35 2
35 29
35 7
35 7
35 1
35 35
36 1
36 2
36 36
37 2
37 2
37 2
37 2
37 155
37 0
37 186
37 37
38 37
38 2
38 2
38 1
38 38
39 39
40 40
41 2
41 2
41 32
41 0
41 1
41 41
42 2
42 2
42 1
42 7
42 88
42 42
43 1
43 2
43 2
43 2
43 2
43 82
43 43
44 7
44 44
45 1
45 63
45 63
45 7
45 0
45 169
45 45
46 46
47 2
47 2
47 70
47 47
48 2
48 48
49 0
49 2
49 2
49 2
49 2
49 7
49 49
50 2
50 1
50 50
51 2
51 2
51 51
52 2
52 2
52 7
52 7
52 1
52 1
52 1
52 287
52 52
53 25
53 53
54 2
54 54
55 2
55 2
55 2
55 32
55 256
55 55
56 56
57 21
57 57
58 0
58 47
58 2
58 125
58 125
58 58
59 2
59 140
59 59
60 60
61 2
61 61
62 2
62 2
62 123
62 62
63 63
64 7
64 1
64 2
64 64
65 0
65 0
65 2
65 140
65 273
65 1
65 65
66 2
66 66
67 67
68 68
69 1
69 1
69 69
70 7
70 7
70 70
71 2
71 2
71 71
72 2
72 72
73 73
74 1
74 1
74 1
74 7
74 0
74 2
74 74
75 40
75 1
75 75
76 1
76 76
77 2
77 77
78 78
79 0
79 2
79 91
79 79
80 0
80 153
80 2
80 80
81 0
81 2
81 81
82 82
83 40
83 83
84 1
84 2
84 145
84 7
84 84
85 2
85 85
86 2
86 86
87 66
87 2
87 7
87 87
88 68
88 88
89 2
89 25
89 125
89 89
90 60
90 90
91 91
92 88
92 92
93 2
93 93
94 47
94 0
94 94
95 7
95 95
96 2
96 96
97 1
97 2
97 2
97 2
97 35
97 97
98 0
98 98
99 2
99 99
100 2
100 2
100 28
100 100
101 2
101 101
102 2
102 268
102 102
103 13
103 22
103 103
104 7
104 104
105 7
105 105
106 7
106 106
107 91
107 107
108 47
108 1
108 7
108 108
109 1
109 2
109 0
109 143
109 171
109 78
109 109
110 1
110 47
110 110
111 7
111 130
111 2
111 2
111 1
111 111
112 2
112 112
113 2
113 2
113 1
113 113
114 2
114 114
115 7
115 115
116 2
116 116
117 6
117 10
117 117
118 2
118 2
118 118
119 3
119 119
120 2
120 120
121 2
121 121
122 43
122 66
122 122
123 0
123 45
123 2
123 123
124 60
124 2
124 7
124 124
125 68
125 125
126 1
126 126
127 0
127 0
127 127
128 47
128 2
128 128
129 2
129 2
129 129
130 130
131 1
131 131
132 3
132 132
133 25
133 133
134 52
134 134
135 0
135 130
135 135
136 2
136 136
137 2
137 137
138 1
138 138
139 2
139 139
140 140
141 0
141 141
142 21
142 142
143 2
143 143
144 2
144 144
145 47
145 145
146 2
146 146
147 1
147 147
148 25
148 148
149 7
149 149
150 2
150 150
151 7
151 151
152 1
152 152
153 119
153 153
154 40
154 154
155 1
155 2
155 155
156 156
157 45
157 249
157 157
158 2
158 158
159 0
159 159
160 7
160 160
161 161
162 7
162 162
163 2
163 163
164 2
164 164
165 0
165 0
165 165
166 7
166 166
167 0
167 2
167 167
168 168
169 1
169 169
170 156
170 1
170 170
171 2
171 7
171 171
172 78
172 172
173 2
173 173
174 1
174 174
175 2
175 244
175 84
175 39
175 201
175 175
176 37
176 176
177 32
177 177
178 37
178 178
179 1
179 179
180 1
180 180
181 2
181 2
181 181
182 2
182 0
182 7
182 182
183 13
183 183
184 7
184 184
185 156
185 185
186 186
187 40
187 187
188 0
188 188
189 91
189 7
189 189
190 2
190 190
191 7
191 0
191 191
192 1
192 192
193 193
194 2
194 194
195 71
195 268
195 195
196 125
196 196
197 95
197 197
198 71
198 32
198 198
199 0
199 199
200 30
200 200
201 32
201 201
202 2
202 202
203 0
203 203
204 1
204 204
205 7
205 205
206 1
206 206
207 2
207 37
207 207
208 2
208 2
208 208
209 2
209 1
209 209
210 2
210 1
210 210
211 21
211 211
212 73
212 212
213 2
213 213
214 2
214 2
214 214
215 0
215 215
216 88
216 216
217 1
217 217
218 1
218 1
218 218
219 7
219 2
219 219
220 47
220 220
221 153
221 221
222 1
222 222
223 2
223 223
224 1
224 224
225 1
225 225
226 2
226 226
227 125
227 227
228 2
228 2
228 0
228 228
229 2
229 229
230 2
230 230
231 7
231 79
231 231
232 2
232 232
233 0
233 233
234 2
234 2
234 1
234 234
235 2
235 235
236 2
236 236
237 2
237 25
237 0
237 237
238 7
238 238
239 2
239 239
240 1
240 240
241 0
241 241
242 1
242 242
243 1
243 243
244 244
245 71
245 245
246 7
246 246
247 79
247 247
248 248
249 249
250 7
250 250
251 251
252 2
252 252
253 2
253 253
254 71
254 254
255 2
255 255
256 256
257 1
257 272
257 257
258 1
258 258
259 78
259 259
260 1
260 2
260 260
261 0
261 261
262 32
262 262
263 148
263 263
264 2
264 264
265 40
265 265
266 2
266 266
267 37
267 267
268 268
269 2
269 269
270 171
270 270
271 2
271 271
272 272
273 273
274 1
274 274
275 2
275 275
276 47
276 276
277 1
277 277
278 2
278 278
279 1
279 279
280 1
280 280
281 2
281 281
282 1
282 282
283 63
283 283
284 2
284 284
285 2
285 285
286 2
286 286
287 287
288 2
288 288
289 0
289 289
290 2
290 290
291 130
291 291
292 1
292 292
293 2
293 293
294 2
294 294
295 295
296 91
296 296
297 2
297 297
298 1
298 298
299 7
299 299
