3000 9515
0 1
0 1
0 1
0 1
0 1
0 2
0 2
0 2
0 2
0 2
0 2
0 2
0 2
0 7
0 7
0 91
0 125
0 326
0 264
0 119
0 244
0 995
0 13
0 0
0 0
0 0
0 43
0 1795
0 79
0 303
0 714
0 68
0 88
0 268
0 45
0 807
1 2
1 2
1 2
1 2
1 2
1 2
1 2
1 2
1 2
1 2
1 2
1 2
1 2
1 2
1 2
1 2
1 2
1 2
1 2
1 2
1 2
1 2
1 2
1 2
1 2
1 2
1 2
1 2
1 2
1 2
1 2
1 2
1 2
1 2
1 2
1 2
1 2
1 2
1 2
1 2
1 2
1 2
1 2
1 2
1 2
1 2
1 2
1 2
1 2
1 2
1 2
1 2
1 2
1 2
1 2
1 2
1 2
1 2
1 2
1 2
1 2
1 1
1 1
1 1
1 1
1 1
1 1
1 1
1 1
1 1
1 1
1 1
1 1
1 1
1 1
1 1
1 1
1 1
1 1
1 1
1 1
1 1
1 1
1 1
1 1
1 1
1 1
1 1
1 1
1 1
1 1
1 1
1 1
1 1
1 40
1 3
1 3
1 3
1 3
1 0
1 0
1 0
1 0
1 0
1 0
1 0
1 0
1 0
1 0
1 0
1 0
1 7
1 7
1 7
1 7
1 7
1 7
1 7
1 7
1 43
1 71
1 71
1 32
1 32
1 21
1 21
1 88
1 113
1 91
1 91
1 284
1 313
1 79
1 318
1 29
1 64
1 295
1 73
1 13
1 433
1 433
1 168
1 264
1 581
1 393
1 393
1 27
1 400
1 25
1 855
1 254
1 237
1 595
1 562
1 1235
1 68
1 1367
1 130
1 770
1 981
1 1577
1 193
1 268
1 248
1 1908
1 1721
1 1959
1 1959
1 20
1 534
1 2033
1 1027
1 1671
1 310
1 1713
1 1269
1 246
1 2259
1 2303
1 288
1 415
1 155
1 155
1 538
1 2683
1 2271
1 66
1 2872
2 0
2 0
2 0
2 0
2 0
2 1
2 1
2 1
2 1
2 1
2 1
2 1
2 1
2 1
2 1
2 2
2 2
2 2
2 2
2 2
2 2
2 2
2 2
2 2
2 2
2 2
2 2
2 2
2 2
2 2
2 2
2 2
2 2
2 2
2 2
2 2
2 2
2 2
2 2
2 21
2 21
2 25
2 25
2 56
2 60
2 7
2 7
2 7
2 7
2 7
2 7
2 7
2 7
2 3
2 251
2 242
2 242
2 37
2 395
2 81
2 32
2 1070
2 1160
2 79
2 79
2 78
2 140
2 1722
2 714
2 708
2 71
2 855
2 91
2 2517
2 1099
2 350
3 1
3 1
3 1
3 1
3 1
3 1
3 1
3 1
3 1
3 1
3 1
3 2
3 2
3 2
3 2
3 2
3 2
3 2
3 2
3 2
3 2
3 2
3 2
3 2
3 2
3 2
3 2
3 2
3 2
3 2
3 2
3 2
3 2
3 2
3 2
3 2
3 2
3 2
3 2
3 2
3 0
3 0
3 0
3 0
3 0
3 0
3 0
3 0
3 0
3 0
3 0
3 0
3 7
3 7
3 7
3 46
3 56
3 10
3 78
3 113
3 295
3 239
3 88
3 88
3 25
3 244
3 68
3 590
3 43
3 73
3 145
3 145
3 248
3 186
3 1134
3 1257
3 63
3 63
3 32
3 83
3 47
3 153
3 260
3 634
3 981
3 20
3 1916
3 2048
3 690
3 37
3 1354
3 1233
3 1013
3 578
3 310
3 475
3 66
3 3
4 2
4 2
4 2
4 2
4 2
4 2
4 2
4 2
4 2
4 2
4 2
4 2
4 2
4 2
4 2
4 2
4 2
4 2
4 2
4 2
4 2
4 2
4 2
4 2
4 2
4 2
4 2
4 2
4 2
4 0
4 32
4 7
4 7
4 7
4 7
4 7
4 7
4 7
4 7
4 7
4 1
4 1
4 1
4 1
4 1
4 1
4 1
4 1
4 1
4 1
4 1
4 1
4 1
4 1
4 1
4 1
4 1
4 63
4 186
4 193
4 155
4 153
4 37
4 37
4 37
4 37
4 316
4 251
4 251
4 244
4 310
4 318
4 309
4 125
4 21
4 21
4 47
4 47
4 147
4 463
4 268
4 268
4 64
4 201
4 481
4 1151
4 671
4 60
4 519
4 78
4 665
4 1561
4 130
4 29
4 223
4 40
4 2207
4 39
4 2219
4 264
4 575
4 995
4 43
4 1879
4 113
4 66
4 2873
4 4
5 1
5 1
5 1
5 1
5 1
5 1
5 1
5 1
5 1
5 1
5 1
5 1
5 1
5 1
5 1
5 1
5 1
5 7
5 7
5 7
5 7
5 2
5 2
5 2
5 2
5 2
5 2
5 2
5 2
5 2
5 2
5 2
5 2
5 2
5 2
5 2
5 2
5 2
5 2
5 2
5 2
5 2
5 2
5 2
5 2
5 2
5 2
5 2
5 2
5 2
5 2
5 2
5 2
5 2
5 2
5 2
5 2
5 2
5 2
5 2
5 2
5 2
5 0
5 0
5 0
5 0
5 0
5 0
5 0
5 0
5 0
5 0
5 0
5 39
5 43
5 43
5 73
5 73
5 68
5 201
5 239
5 71
5 393
5 37
5 91
5 91
5 21
5 79
5 310
5 32
5 32
5 78
5 47
5 816
5 816
5 186
5 189
5 45
5 119
5 264
5 1020
5 1298
5 244
5 458
5 469
5 332
5 1575
5 248
5 130
5 3
5 575
5 1039
5 155
5 2456
5 2735
5 2755
5 2790
5 708
5 5
6 2
6 2
6 2
6 2
6 2
6 2
6 2
6 2
6 2
6 2
6 2
6 2
6 2
6 2
6 2
6 2
6 2
6 2
6 2
6 2
6 7
6 7
6 7
6 7
6 1
6 1
6 1
6 1
6 1
6 1
6 39
6 39
6 67
6 29
6 32
6 32
6 161
6 155
6 21
6 21
6 0
6 0
6 20
6 181
6 152
6 91
6 68
6 13
6 852
6 885
6 125
6 134
6 71
6 148
6 1892
6 140
6 311
6 1795
6 202
6 1160
6 2838
6 37
6 6
7 7
8 1
8 113
8 8
9 7
9 78
9 2
9 9
10 2
10 2
10 2
10 2
10 2
10 2
10 2
10 2
10 2
10 2
10 2
10 7
10 7
10 7
10 7
10 7
10 83
10 312
10 68
10 0
10 0
10 11
10 287
10 66
10 71
10 1
10 1
10 1
10 25
10 32
10 29
10 1339
10 1020
10 244
10 201
10 1815
10 1148
10 179
10 1843
10 268
10 10
11 2
11 2
11 7
11 11
12 1
12 1
12 1
12 1
12 1
12 1
12 1
12 2
12 2
12 2
12 2
12 2
12 2
12 2
12 2
12 2
12 2
12 2
12 2
12 2
12 3
12 0
12 0
12 79
12 673
12 817
12 130
12 268
12 477
12 154
12 458
12 7
12 575
12 1721
12 1326
12 12
13 2
13 13
14 3
14 7
14 2
14 2
14 2
14 35
14 25
14 1
14 82
14 44
14 14
14 14
14 898
14 45
14 244
14 37
14 20
14 284
15 2
15 2
15 2
15 2
15 2
15 2
15 2
15 7
15 7
15 32
15 0
15 0
15 69
15 244
15 1
15 113
15 67
15 1713
15 15
16 1
16 2
16 248
16 7
16 816
16 16
17 1
17 1
17 1
17 7
17 7
17 140
17 168
17 71
17 0
17 201
17 546
17 2
17 2
17 2
17 2
17 2
17 2
17 395
17 56
17 415
17 2960
17 17
18 2
18 2
18 2
18 2
18 2
18 2
18 2
18 0
18 0
18 1
18 1
18 1
18 1
18 1
18 1
18 7
18 7
18 71
18 79
18 79
18 21
18 82
18 202
18 3
18 284
18 83
18 575
18 168
18 268
18 125
18 2176
18 2257
18 724
18 2723
18 18
19 13
19 342
19 60
19 19
20 0
20 1
20 2
20 2
20 2
20 256
20 433
20 39
20 7
20 1380
20 20
21 21
22 1
22 1
22 2
22 2
22 2
22 2
22 155
22 91
22 22
23 2
23 2
23 2
23 2
23 2
23 2
23 2
23 2
23 0
23 0
23 1
23 1
23 1
23 82
23 156
23 7
23 7
23 7
23 123
23 56
23 47
23 47
23 395
23 3
23 9
23 1592
23 63
23 1694
23 1819
23 275
23 32
23 1107
23 68
23 23
24 1
24 91
24 573
24 24
25 25
26 2
26 2
26 2
26 2
26 2
26 2
26 2
26 2
26 2
26 2
26 2
26 7
26 1
26 1
26 1
26 1
26 1
26 1
26 1
26 1
26 1
26 1
26 1
26 0
26 0
26 0
26 55
26 39
26 268
26 350
26 14
26 384
26 43
26 119
26 37
26 244
26 168
26 573
26 29
26 1585
26 1630
26 494
26 1238
26 84
26 88
26 2597
26 42
26 26
27 2
27 2
27 2
27 2
27 2
27 2
27 2
27 2
27 68
27 0
27 123
27 1
27 1
27 1
27 1
27 37
27 78
27 244
27 73
27 1384
27 45
27 998
27 10
27 27
28 2
28 2
28 78
28 79
28 28
29 2
29 29
30 0
30 2
30 2
30 2
30 7
30 309
30 155
30 998
30 1999
30 30
31 1
31 1
31 1
31 2
31 2
31 2
31 2
31 2
31 2
31 73
31 37
31 443
31 7
31 63
31 1093
31 0
31 40
31 132
31 546
31 31
32 32
33 2
33 2
33 2
33 2
33 2
33 2
33 2
33 2
33 2
33 2
33 2
33 2
33 2
33 2
33 2
33 43
33 13
33 1
33 1
33 1
33 1
33 1
33 1
33 3
33 205
33 694
33 0
33 857
33 244
33 28
33 47
33 39
33 1086
33 7
33 45
33 32
33 33
34 1
34 7
34 34
35 2
35 2
35 2
35 2
35 2
35 2
35 2
35 2
35 29
35 7
35 7
35 1
35 1
35 113
35 714
35 624
35 1778
35 2217
35 168
35 2002
35 35
36 1
36 1
36 2
36 2
36 268
36 1126
36 36
37 2
37 2
37 2
37 2
37 2
37 2
37 2
37 2
37 2
37 2
37 2
37 2
37 2
37 155
37 0
37 186
37 153
37 79
37 1
37 1
37 1
37 1
37 1
37 1
37 244
37 575
37 43
37 334
37 7
37 7
37 1351
37 156
37 125
37 21
37 1725
37 1694
37 201
37 469
37 852
37 91
37 2692
37 2851
37 37
38 37
38 2
38 2
38 2
38 1
38 1
38 9
38 43
38 7
38 1382
38 38
39 39
40 40
41 2
41 2
41 2
41 2
41 2
41 2
41 2
41 2
41 2
41 2
41 2
41 2
41 2
41 32
41 32
41 0
41 0
41 0
41 0
41 1
41 1
41 1
41 1
41 1
41 63
41 40
41 244
41 244
41 748
41 748
41 25
41 948
41 7
41 316
41 68
41 1054
41 71
41 310
41 171
41 3
41 37
41 2464
41 29
41 41
42 2
42 2
42 2
42 2
42 2
42 2
42 2
42 2
42 2
42 1
42 7
42 7
42 88
42 63
42 79
42 40
42 37
42 0
42 1909
42 42
43 1
43 1
43 1
43 1
43 2
43 2
43 2
43 2
43 2
43 2
43 2
43 2
43 2
43 2
43 82
43 7
43 7
43 7
43 144
43 868
43 80
43 3
43 595
43 43
44 7
44 44
45 1
45 1
45 1
45 1
45 63
45 63
45 7
45 7
45 0
45 0
45 169
45 347
45 2
45 2
45 2
45 71
45 32
45 39
45 840
45 125
45 47
45 64
45 1959
45 123
45 11
45 45
46 46
47 2
47 2
47 2
47 70
47 43
47 0
47 78
47 494
47 1
47 1
47 7
47 47
48 2
48 48
49 0
49 2
49 2
49 2
49 2
49 2
49 2
49 2
49 2
49 2
49 2
49 2
49 7
49 1
49 1
49 885
49 312
49 168
49 2175
49 49
50 2
50 2
50 1
50 426
50 244
50 1354
50 50
51 2
51 2
51 2
51 694
51 51
52 2
52 2
52 2
52 2
52 2
52 7
52 7
52 7
52 7
52 1
52 1
52 1
52 1
52 287
52 287
52 91
52 0
52 35
52 312
52 123
52 251
52 47
52 1195
52 68
52 37
52 45
52 52
53 25
53 32
53 3
53 1
53 53
54 2
54 2
54 0
54 0
54 54
55 2
55 2
55 2
55 2
55 2
55 2
55 2
55 2
55 32
55 32
55 256
55 91
55 91
55 13
55 519
55 125
55 0
55 1013
55 202
55 1
55 1
55 1
55 1
55 1167
55 81
55 7
55 1698
55 2171
55 63
55 78
55 2239
55 690
55 71
55 55
56 56
57 21
57 6
57 2
57 1
57 7
57 57
58 0
58 47
58 2
58 2
58 2
58 2
58 2
58 2
58 2
58 125
58 125
58 1
58 1
58 1
58 201
58 78
58 248
58 462
58 748
58 58
59 2
59 2
59 2
59 2
59 2
59 2
59 2
59 140
59 0
59 0
59 0
59 0
59 268
59 7
59 113
59 186
59 1093
59 1093
59 73
59 25
59 56
59 59
60 60
61 2
61 2
61 2
61 1
61 61
62 2
62 2
62 2
62 2
62 123
62 251
62 22
62 239
62 1027
62 27
62 29
62 0
62 68
62 1
62 1242
62 73
62 2912
62 39
62 155
62 303
62 62
63 63
64 7
64 1
64 2
64 2
64 2
64 2
64 2
64 347
64 64
65 0
65 0
65 0
65 0
65 2
65 2
65 2
65 2
65 2
65 2
65 2
65 140
65 273
65 1
65 1
65 1
65 1
65 66
65 7
65 156
65 148
65 373
65 634
65 47
65 123
65 403
65 91
65 1987
65 69
65 43
65 754
65 65
66 2
66 60
66 690
66 66
67 67
68 68
69 1
69 1
69 1
69 2
69 2
69 620
69 0
69 892
69 69
70 7
70 7
70 155
70 2
70 70
71 2
71 2
71 60
71 1
71 1
71 1
71 0
71 2373
71 395
71 195
71 63
71 71
72 2
72 2
72 2
72 433
72 1
72 1
72 7
72 2058
72 130
72 2561
72 2747
72 72
73 73
74 1
74 1
74 1
74 1
74 1
74 1
74 7
74 7
74 0
74 0
74 2
74 2
74 2
74 2
74 2
74 443
74 890
74 123
74 723
74 43
74 2541
74 74
75 40
75 1
75 1
75 13
75 2
75 2
75 1032
75 0
75 75
76 1
76 1443
76 76
77 2
77 77
78 78
79 0
79 0
79 2
79 2
79 2
79 91
79 1
79 78
79 79
80 0
80 153
80 2
80 2
80 395
80 80
81 0
81 2
81 2
81 1
81 1
81 1
81 1
81 219
81 1550
81 81
82 82
83 40
83 310
83 43
83 0
83 594
83 83
84 1
84 1
84 2
84 145
84 7
84 1245
84 534
84 1905
84 84
85 2
85 85
86 2
86 2
86 2
86 125
86 251
86 32
86 1
86 88
86 86
87 66
87 2
87 2
87 2
87 2
87 7
87 87
88 68
88 373
88 2
88 21
88 88
89 2
89 2
89 2
89 2
89 2
89 2
89 2
89 25
89 125
89 1
89 1
89 1
89 1
89 37
89 43
89 0
89 168
89 32
89 419
89 251
89 585
89 1795
89 89
90 60
90 2
90 2
90 2
90 244
90 0
90 2204
90 1
90 71
90 90
91 91
92 88
92 308
92 1
92 92
93 2
93 2
93 0
93 93
94 47
94 0
94 0
94 7
94 403
94 2
94 94
95 7
95 2
95 95
96 2
96 2
96 229
96 3
96 7
96 0
96 96
97 1
97 1
97 1
97 2
97 2
97 2
97 2
97 2
97 35
97 892
97 1093
97 0
97 217
97 37
97 251
97 97
98 0
98 98
99 2
99 331
99 99
100 2
100 2
100 2
100 28
100 658
100 874
100 7
100 100
101 2
101 2
101 2
101 37
101 1
101 1
101 1
101 7
101 101
102 2
102 268
102 201
102 1515
102 469
102 91
102 102
103 13
103 22
103 2
103 103
104 7
104 1
104 1
104 1
104 1
104 272
104 1326
104 134
104 1105
104 2
104 2
104 104
105 7
105 47
105 879
105 105
106 7
106 839
106 106
107 91
107 91
107 2
107 2
107 1715
107 107
108 47
108 1
108 1
108 7
108 32
108 32
108 27
108 91
108 37
108 37
108 661
108 2
108 39
108 287
108 0
108 108
109 1
109 1
109 1
109 2
109 2
109 2
109 2
109 2
109 0
109 0
109 0
109 143
109 171
109 78
109 78
109 63
109 519
109 7
109 7
109 7
109 7
109 54
109 21
109 690
109 1341
109 1631
109 125
109 84
109 499
109 652
109 1327
109 2219
109 268
109 2620
109 109
110 1
110 1
110 47
110 475
110 2
110 575
110 110
111 7
111 130
111 2
111 2
111 2
111 2
111 2
111 1
111 1
111 1
111 1
111 1
111 40
111 40
111 32
111 347
111 869
111 987
111 0
111 0
111 0
111 244
111 380
111 111
112 2
112 112
113 2
113 2
113 2
113 2
113 2
113 2
113 2
113 2
113 1
113 7
113 807
113 1277
113 113
114 2
114 0
114 0
114 1
114 1020
114 2058
114 114
115 7
115 852
115 115
116 2
116 116
117 6
117 10
117 0
117 403
117 502
117 43
117 63
117 2
117 2
117 370
117 7
117 7
117 7
117 7
117 244
117 1
117 1
117 25
117 287
117 1907
117 2693
117 117
118 2
118 2
118 2
118 118
119 3
119 1
119 2651
119 0
119 119
120 2
120 120
121 2
121 91
121 121
122 43
122 43
122 66
122 359
122 2
122 2
122 2
122 0
122 1428
122 1
122 1
122 1
122 475
122 122
123 0
123 45
123 2
123 13
123 7
123 71
123 71
123 130
123 1
123 807
123 446
123 123
124 60
124 2
124 2
124 2
124 2
124 2
124 2
124 2
124 7
124 7
124 310
124 186
124 181
124 66
124 1125
124 348
124 82
124 124
125 68
125 249
125 2
125 125
126 1
126 2
126 126
127 0
127 0
127 7
127 43
127 1
127 1
127 1
127 127
128 47
128 2
128 2
128 463
128 0
128 0
128 1237
128 128
129 2
129 2
129 2
129 1
129 7
129 876
129 1929
129 130
129 129
130 130
131 1
131 131
132 3
132 574
132 13
132 2923
132 132
133 25
133 0
133 0
133 223
133 576
133 753
133 1219
133 2
133 2
133 484
133 133
134 52
134 822
134 244
134 134
135 0
135 130
135 2
135 582
135 135
136 2
136 0
136 136
137 2
137 82
137 47
137 137
138 1
138 138
139 2
139 414
139 1104
139 1380
139 1
139 139
140 140
141 0
141 0
141 2
141 141
142 21
142 1
142 2
142 7
142 310
142 142
143 2
143 66
143 7
143 1561
143 143
144 2
144 144
145 47
145 145
146 2
146 7
146 46
146 1
146 2283
146 146
147 1
147 347
147 147
148 25
148 1774
148 148
149 7
149 149
150 2
150 2
150 2
150 334
150 1
150 27
150 2352
150 150
151 7
151 2
151 2
151 2
151 1
151 723
151 2588
151 151
152 1
152 152
153 119
153 829
153 7
153 2
153 153
154 40
154 154
155 1
155 2
155 2
155 7
155 155
156 156
157 45
157 249
157 242
157 157
158 2
158 158
159 0
159 310
159 159
160 7
160 0
160 73
160 160
161 161
162 7
162 7
162 32
162 162
163 2
163 2
163 83
163 1
163 1
163 1
163 1
163 403
163 25
163 620
163 98
163 650
163 163
164 2
164 7
164 164
165 0
165 0
165 1091
165 165
166 7
166 166
167 0
167 0
167 0
167 0
167 2
167 2
167 2
167 2
167 2
167 2
167 337
167 288
167 54
167 134
167 32
167 113
167 7
167 167
168 168
169 1
169 1
169 1
169 123
169 1599
169 169
170 156
170 1
170 1
170 1
170 1
170 1
170 1
170 1
170 276
170 3
170 130
170 130
170 636
170 38
170 91
170 161
170 205
170 0
170 94
170 885
170 1485
170 170
171 2
171 7
171 0
171 140
171 140
171 1947
171 123
171 545
171 171
172 78
172 7
172 7
172 1
172 1
172 91
172 172
173 2
173 0
173 173
174 1
174 1
174 1
174 7
174 244
174 21
174 692
174 2
174 2
174 2
174 2
174 2
174 1077
174 426
174 1424
174 156
174 437
174 408
174 1125
174 174
175 2
175 2
175 2
175 244
175 84
175 39
175 201
175 0
175 1
175 79
175 256
175 37
175 43
175 175
176 37
176 1
176 45
176 176
177 32
177 177
178 37
178 178
179 1
179 179
180 1
180 1
180 7
180 3
180 180
181 2
181 2
181 2
181 2017
181 181
182 2
182 2
182 2
182 2
182 2
182 0
182 0
182 0
182 0
182 7
182 7
182 47
182 64
182 634
182 113
182 71
182 1441
182 182
183 13
183 183
184 7
184 259
184 184
185 156
185 2
185 45
185 27
185 174
185 0
185 10
185 913
185 185
186 186
187 40
187 1
187 1
187 2
187 38
187 187
188 0
188 25
188 412
188 840
188 714
188 32
188 2
188 1
188 21
188 188
189 91
189 91
189 7
189 7
189 156
189 2
189 2
189 2
189 2
189 0
189 0
189 0
189 777
189 82
189 393
189 2274
189 189
190 2
190 2
190 2
190 7
190 0
190 190
191 7
191 0
191 28
191 1
191 443
191 32
191 40
191 135
191 191
192 1
192 192
193 193
194 2
194 2
194 2
194 2
194 2
194 2
194 2
194 0
194 0
194 1
194 1
194 1
194 415
194 650
194 7
194 2109
194 1027
194 32
194 2938
194 194
195 71
195 268
195 43
195 3
195 1
195 256
195 68
195 153
195 2
195 195
196 125
196 25
196 595
196 78
196 2
196 13
196 196
197 95
197 197
198 71
198 32
198 244
198 2
198 2
198 0
198 1239
198 198
199 0
199 199
200 30
200 39
200 200
201 32
201 288
201 1144
201 78
201 2
201 1
201 201
202 2
202 2
202 2
202 0
202 0
202 78
202 1
202 123
202 202
203 0
203 36
203 303
203 2
203 203
204 1
204 1
204 1
204 1629
204 204
205 7
205 15
205 1
205 2
205 140
205 1815
205 1926
205 205
206 1
206 1
206 1
206 2
206 2
206 400
206 749
206 123
206 2483
206 32
206 32
206 206
207 2
207 37
207 21
207 207
208 2
208 2
208 2
208 1
208 1
208 437
208 21
208 208
209 2
209 2
209 2
209 1
209 1
209 1
209 32
209 38
209 244
209 847
209 1375
209 1599
209 1667
209 0
209 0
209 209
210 2
210 2
210 2
210 1
210 1
210 21
210 499
210 309
210 40
210 119
210 186
210 210
211 21
211 312
211 211
212 73
212 2
212 212
213 2
213 1
213 251
213 213
214 2
214 2
214 2
214 2
214 3
214 1
214 244
214 214
215 0
215 215
216 88
216 674
216 216
217 1
217 217
218 1
218 1
218 0
218 2
218 2
218 2
218 88
218 73
218 21
218 43
218 218
219 7
219 2
219 0
219 219
220 47
220 68
220 1949
220 7
220 220
221 153
221 28
221 221
222 1
222 1
222 535
222 753
222 222
223 2
223 223
224 1
224 901
224 2
224 7
224 224
225 1
225 47
225 225
226 2
226 226
227 125
227 1
227 1
227 7
227 2
227 2
227 227
228 2
228 2
228 2
228 2
228 2
228 2
228 0
228 43
228 372
228 350
228 1441
228 1485
228 1536
228 13
228 228
229 2
229 2
229 2
229 2
229 2
229 130
229 2825
229 229
230 2
230 230
231 7
231 7
231 79
231 2
231 2
231 1146
231 412
231 231
232 2
232 232
233 0
233 68
233 13
233 233
234 2
234 2
234 1
234 7
234 201
234 412
234 32
234 264
234 209
234 234
235 2
235 712
235 235
236 2
236 2
236 2
236 219
236 156
236 7
236 123
236 32
236 1
236 2435
236 236
237 2
237 2
237 2
237 25
237 0
237 7
237 753
237 237
238 7
238 68
238 1
238 2545
238 238
239 2
239 1
239 7
239 125
239 66
239 239
240 1
240 1
240 1
240 161
240 240
241 0
241 1
241 241
242 1
242 1
242 1
242 0
242 161
242 242
243 1
243 2
243 2
243 243
244 244
245 71
245 1
245 1
245 7
245 78
245 245
246 7
246 244
246 1513
246 246
247 79
247 215
247 1
247 1
247 217
247 247
248 248
249 249
250 7
250 1
250 586
250 360
250 78
250 2
250 829
250 250
251 251
252 2
252 252
253 2
253 2
253 253
254 71
254 758
254 2
254 2
254 1
254 32
254 254
255 2
255 255
256 256
257 1
257 272
257 9
257 82
257 257
258 1
258 258
259 78
259 259
260 1
260 2
260 0
260 260
261 0
261 248
261 2
261 2
261 261
262 32
262 47
262 1057
262 2
262 372
262 262
263 148
263 21
263 263
264 2
264 2
264 78
264 2099
264 264
265 40
265 22
265 265
266 2
266 2
266 575
266 0
266 443
266 40
266 266
267 37
267 73
267 13
267 267
268 268
269 2
269 7
269 10
269 650
269 78
269 866
269 0
269 1
269 1
269 1
269 1
269 21
269 2025
269 534
269 269
270 171
270 270
271 2
271 2
271 2
271 2
271 40
271 7
271 148
271 0
271 71
271 350
271 271
272 272
273 273
274 1
274 2
274 161
274 7
274 7
274 78
274 193
274 274
275 2
275 690
275 13
275 43
275 475
275 581
275 242
275 275
276 47
276 0
276 2
276 2
276 10
276 276
277 1
277 595
277 32
277 277
278 2
278 1
278 1
278 136
278 278
279 1
279 279
280 1
280 32
280 40
280 0
280 0
280 0
280 407
280 2
280 2
280 280
281 2
281 2
281 73
281 281
282 1
282 1
282 1
282 282
283 63
283 283
284 2
284 284
285 2
285 1158
285 2307
285 285
286 2
286 286
287 287
288 2
288 25
288 288
289 0
289 268
289 1185
289 289
290 2
290 0
290 290
291 130
291 202
291 291
292 1
292 1
292 13
292 292
293 2
293 2
293 2
293 2
293 2
293 287
293 78
293 542
293 293
294 2
294 2
294 294
295 295
296 91
296 2
296 2
296 0
296 7
296 7
296 9
296 1872
296 412
296 296
297 2
297 297
298 1
298 0
298 2
298 620
298 68
298 298
299 7
299 481
299 2
299 299
300 2
300 2
300 2
300 498
300 223
300 2075
300 2181
300 748
300 2609
300 300
301 2
301 301
302 2
302 1
302 302
303 63
303 2
303 303
304 71
304 20
304 268
304 32
304 1392
304 2
304 2
304 2
304 1
304 1
304 2334
304 304
305 2
305 78
305 305
306 91
306 1
306 534
306 123
306 284
306 1315
306 306
307 2
307 47
307 307
308 308
309 309
310 256
310 56
310 310
311 310
311 21
311 311
312 312
313 313
314 2
314 314
315 275
315 0
315 315
316 316
317 2
317 2
317 317
318 318
319 7
319 2
319 319
320 2
320 174
320 78
320 320
321 2
321 0
321 1867
321 321
322 2
322 7
322 1
322 322
323 78
323 78
323 2
323 323
324 2
324 324
325 2
325 542
325 325
326 2
326 326
327 2
327 327
328 0
328 415
328 186
328 251
328 11
328 29
328 328
329 73
329 2
329 7
329 329
330 2
330 2
330 0
330 330
331 309
331 331
332 113
332 1013
332 0
332 332
333 2
333 2
333 68
333 690
333 7
333 190
333 251
333 37
333 333
334 2
334 21
334 1131
334 334
335 78
335 149
335 91
335 554
335 335
336 259
336 336
337 337
338 2
338 2
338 1237
338 338
339 1
339 339
340 91
340 0
340 7
340 340
341 7
341 2
341 341
342 2
342 1
342 342
343 73
343 0
343 343
344 3
344 1
344 0
344 2
344 344
345 2
345 345
346 37
346 346
347 347
348 1
348 244
348 37
348 348
349 2
349 2
349 7
349 349
350 350
351 7
351 351
352 2
352 352
353 1
353 40
353 2
353 326
353 7
353 353
354 7
354 433
354 840
354 83
354 2
354 2
354 2
354 354
355 153
355 355
356 7
356 0
356 369
356 2
356 2
356 162
356 356
357 174
357 63
357 357
358 1
358 2
358 358
359 359
360 310
360 2
360 360
361 73
361 7
361 361
362 1
362 2
362 7
362 362
363 32
363 363
364 0
364 573
364 364
365 63
365 2
365 365
366 1
366 2
366 366
367 312
367 367
368 2
368 312
368 69
368 368
369 369
370 91
370 1
370 2
370 2
370 2
370 3
370 690
370 68
370 370
371 1
371 1
371 1
371 123
371 2
371 2172
371 2483
371 371
372 372
373 0
373 585
373 161
373 987
373 2
373 373
374 0
374 374
375 63
375 575
375 375
376 2
376 376
377 2
377 217
377 377
378 2
378 378
379 2
379 2746
379 379
380 0
380 0
380 494
380 7
380 1269
380 1
380 2
380 380
381 2
381 2
381 2
381 829
381 620
381 0
381 326
381 1269
381 381
382 66
382 382
383 2
383 2
383 383
384 384
385 2
385 2
385 477
385 385
386 0
386 0
386 1
386 96
386 40
386 2
386 32
386 386
387 259
387 1
387 387
388 2
388 63
388 388
389 7
389 7
389 1
389 2
389 37
389 2422
389 389
390 9
390 1
390 1
390 1
390 13
390 30
390 2
390 390
391 43
391 7
391 481
391 2
391 2
391 2
391 2
391 155
391 1
391 748
391 905
391 391
392 2
392 7
392 7
392 392
393 393
394 1
394 1
394 66
394 2
394 2
394 83
394 1898
394 113
394 394
395 395
396 2
396 73
396 7
396 396
397 2
397 2
397 45
397 1
397 1
397 1
397 753
397 175
397 2139
397 397
398 134
398 1
398 7
398 526
398 2
398 2
398 0
398 1382
398 398
399 0
399 2
399 2
399 1
399 201
399 546
399 91
399 399
400 400
401 25
401 401
402 373
402 402
403 205
403 2
403 2
403 2
403 403
404 2
404 404
405 45
405 201
405 2
405 405
406 1
406 1
406 406
407 152
407 407
408 2
408 408
409 186
409 130
409 409
410 1
410 410
411 1
411 411
412 156
412 1
412 412
413 10
413 7
413 413
414 2
414 2
414 414
415 415
416 130
416 2
416 2
416 2
416 2
416 68
416 416
417 145
417 1382
417 1
417 417
418 7
418 2
418 0
418 418
419 7
419 419
420 168
420 2
420 47
420 420
421 251
421 421
422 1
422 1
422 0
422 0
422 2
422 422
423 7
423 634
423 816
423 423
424 68
424 39
424 753
424 424
425 7
425 123
425 2
425 2
425 425
426 426
427 2
427 1382
427 427
428 40
428 428
429 1
429 429
430 1
430 2
430 2
430 430
431 2
431 71
431 431
432 88
432 1070
432 634
432 155
432 432
433 415
433 0
433 0
433 13
433 1
433 32
433 2
433 433
434 0
434 940
434 2
434 434
435 1
435 435
436 2
436 2
436 171
436 32
436 436
437 2
437 437
438 148
438 0
438 438
439 7
439 439
440 7
440 7
440 39
440 2
440 2
440 373
440 440
441 68
441 91
441 2
441 441
442 2
442 442
443 443
444 373
444 1
444 444
445 2
445 445
446 2
446 2
446 91
446 7
446 446
447 71
447 693
447 120
447 2
447 2
447 694
447 22
447 447
448 7
448 499
448 448
449 2
449 2
449 2
449 2
449 71
449 0
449 79
449 449
450 2
450 358
450 450
451 2
451 1
451 125
451 3
451 451
452 2
452 2
452 452
453 66
453 453
454 130
454 0
454 442
454 73
454 32
454 2
454 2
454 2
454 2
454 2
454 2
454 2
454 1209
454 1
454 10
454 3
454 3
454 91
454 454
455 0
455 2
455 2
455 195
455 455
456 1
456 7
456 456
457 63
457 457
458 43
458 458
459 1
459 459
460 2
460 460
461 2
461 874
461 461
462 2
462 462
463 463
464 2
464 1
464 464
465 1
465 1
465 0
465 7
465 268
465 2569
465 465
466 2
466 477
466 606
466 0
466 981
466 466
467 1
467 750
467 2
467 2
467 712
467 817
467 467
468 4
468 481
468 88
468 37
468 125
468 73
468 1156
468 2
468 2
468 468
469 433
469 469
470 0
470 237
470 132
470 470
471 7
471 1
471 471
472 0
472 2
472 1496
472 415
472 472
473 7
473 7
473 473
474 9
474 39
474 1
474 2
474 63
474 474
475 475
476 25
476 2
476 476
477 477
478 2
478 478
479 2
479 479
480 14
480 342
480 2
480 2
480 334
480 7
480 2587
480 480
481 481
482 91
482 1
482 482
483 79
483 25
483 2
483 2
483 2059
483 2655
483 483
484 0
484 484
485 13
485 2
485 1
485 485
486 0
486 1
486 2389
486 486
487 156
487 123
487 2
487 2
487 2
487 2
487 634
487 1
487 1
487 487
488 314
488 488
489 71
489 2
489 489
490 91
490 7
490 490
491 136
491 2
491 491
492 168
492 492
493 45
493 88
493 493
494 494
495 2
495 495
496 1
496 130
496 496
497 1
497 1
497 2
497 2
497 2119
497 25
497 497
498 498
499 79
499 18
499 2
499 2
499 43
499 668
499 1
499 32
499 499
500 2
500 2
500 2
500 1771
500 500
501 1
501 2
501 67
501 501
502 502
503 2
503 503
504 386
504 504
505 32
505 7
505 7
505 42
505 1
505 0
505 505
506 464
506 2
506 506
507 288
507 68
507 507
508 7
508 508
509 3
509 509
510 395
510 510
511 73
511 511
512 2
512 7
512 595
512 312
512 512
513 66
513 123
513 78
513 113
513 2
513 2
513 1213
513 513
514 309
514 514
515 2
515 638
515 21
515 650
515 32
515 7
515 0
515 515
516 2
516 516
517 7
517 517
518 312
518 3
518 1
518 47
518 518
519 519
520 88
520 520
521 0
521 0
521 3
521 545
521 494
521 7
521 1
521 889
521 2
521 2
521 521
522 81
522 1
522 522
523 2
523 744
523 523
524 2
524 1
524 1
524 88
524 73
524 524
525 2
525 2
525 2
525 257
525 237
525 125
525 525
526 0
526 2
526 526
527 2
527 1
527 2533
527 527
528 2
528 2
528 295
528 2175
528 528
529 2
529 529
530 1
530 530
531 0
531 531
532 2
532 7
532 0
532 532
533 91
533 533
534 1
534 156
534 534
535 535
536 2
536 2
536 120
536 384
536 3
536 536
537 2
537 537
538 1
538 1
538 7
538 2
538 538
539 1
539 690
539 539
540 1
540 2258
540 540
541 123
541 541
542 243
542 2
542 542
543 1
543 543
544 3
544 544
545 3
545 545
546 2
546 1
546 1715
546 546
547 63
547 547
548 1
548 548
549 2
549 549
550 2
550 550
551 0
551 551
552 14
552 1
552 552
553 2
553 553
554 2
554 32
554 1
554 554
555 2
555 2
555 555
556 244
556 7
556 556
557 39
557 557
558 268
558 558
559 415
559 2
559 559
560 145
560 2
560 976
560 1973
560 560
561 156
561 561
562 0
562 0
562 78
562 562
563 328
563 71
563 40
563 64
563 0
563 563
564 7
564 564
565 2
565 534
565 1
565 565
566 148
566 566
567 264
567 567
568 89
568 2
568 568
569 2
569 569
570 0
570 570
571 240
571 571
572 2
572 2
572 7
572 572
573 2
573 573
574 574
575 575
576 2
576 576
577 268
577 577
578 7
578 2
578 578
579 2
579 0
579 47
579 579
580 2
580 1
580 580
581 581
582 582
583 1
583 91
583 583
584 2
584 2
584 766
584 1
584 7
584 22
584 415
584 412
584 584
585 585
586 586
587 7
587 587
588 3
588 7
588 2
588 2818
588 588
589 2
589 32
589 589
590 590
591 7
591 591
592 433
592 1
592 1
592 7
592 0
592 0
592 113
592 125
592 1816
592 2
592 2
592 32
592 63
592 592
593 2
593 593
594 7
594 652
594 2
594 2
594 594
595 1
595 595
596 7
596 7
596 446
596 596
597 2
597 597
598 1
598 598
599 7
599 599
600 66
600 600
601 1
601 38
601 601
602 2
602 602
603 32
603 1
603 2
603 603
604 585
604 313
604 2
604 1975
604 32
604 604
605 2
605 2
605 0
605 32
605 605
606 606
607 3
607 0
607 171
607 607
608 2
608 7
608 310
608 608
609 119
609 609
610 2
610 610
611 464
611 0
611 412
611 807
611 1
611 2768
611 611
612 107
612 612
613 156
613 1
613 2
613 613
614 373
614 568
614 2
614 7
614 78
614 1
614 614
615 113
615 2
615 615
616 2
616 616
617 255
617 2264
617 617
618 559
618 47
618 477
618 2
618 2554
618 2303
618 618
619 79
619 619
620 2
620 620
621 43
621 1027
621 2
621 2556
621 621
622 7
622 0
622 2
622 342
622 622
623 1
623 60
623 1105
623 7
623 1756
623 2
623 623
624 2
624 63
624 624
625 384
625 1261
625 69
625 625
626 2
626 2
626 626
627 40
627 1
627 627
628 248
628 628
629 0
629 629
630 7
630 630
631 66
631 631
632 2
632 1
632 632
633 2
633 633
634 2
634 1
634 1
634 634
635 2
635 635
636 636
637 113
637 637
638 186
638 638
639 0
639 639
640 155
640 2
640 640
641 311
641 641
642 1
642 642
643 310
643 643
644 219
644 644
645 590
645 2
645 2
645 2
645 2
645 1
645 679
645 68
645 645
646 113
646 646
647 1
647 7
647 2
647 647
648 1
648 1
648 7
648 2834
648 648
649 7
649 649
650 650
651 13
651 651
652 652
653 7
653 7
653 32
653 3
653 155
653 1298
653 2449
653 2
653 653
654 2
654 654
655 2
655 2
655 655
656 2
656 656
657 1
657 657
658 658
659 0
659 78
659 81
659 215
659 2111
659 659
660 499
660 660
661 0
661 661
662 145
662 662
663 295
663 663
664 2
664 186
664 71
664 664
665 1
665 817
665 67
665 1572
665 2
665 665
666 2
666 634
666 666
667 239
667 667
668 2
668 2
668 668
669 2
669 669
670 2
670 0
670 670
671 3
671 2
671 7
671 671
672 0
672 0
672 63
672 60
672 7
672 2
672 672
673 673
674 40
674 2
674 674
675 0
675 0
675 68
675 820
675 2
675 675
676 554
676 2
676 40
676 107
676 1269
676 7
676 676
677 7
677 677
678 120
678 171
678 2
678 2
678 2
678 2
678 1422
678 1875
678 678
679 7
679 2
679 679
680 0
680 415
680 7
680 680
681 91
681 2227
681 244
681 681
682 91
682 113
682 682
683 603
683 1
683 683
684 440
684 27
684 494
684 1725
684 2221
684 684
685 2
685 685
686 1
686 7
686 686
687 123
687 2
687 687
688 38
688 13
688 2
688 43
688 1
688 688
689 2
689 689
690 0
690 79
690 63
690 690
691 2
691 691
692 692
693 693
694 694
695 2
695 78
695 1
695 1
695 695
696 1
696 696
697 248
697 1
697 697
698 1
698 1
698 698
699 312
699 0
699 699
700 47
700 66
700 1
700 700
701 2
701 2
701 701
702 0
702 415
702 1337
702 1
702 702
703 454
703 1
703 21
703 703
704 156
704 704
705 125
705 1
705 1
705 705
706 2
706 2583
706 706
707 690
707 707
708 189
708 708
709 244
709 244
709 268
709 709
710 2
710 710
711 1
711 711
712 2
712 251
712 494
712 712
713 695
713 0
713 2
713 713
714 2
714 714
715 2
715 78
715 910
715 715
716 9
716 1007
716 1532
716 2
716 2
716 91
716 716
717 2
717 295
717 708
717 71
717 717
718 2
718 718
719 148
719 32
719 719
720 32
720 720
721 0
721 721
722 2
722 3
722 7
722 722
723 416
723 2
723 723
724 7
724 1
724 724
725 88
725 725
726 275
726 2
726 726
727 0
727 0
727 202
727 727
728 1
728 1013
728 2
728 728
729 690
729 40
729 40
729 729
730 123
730 1
730 372
730 1637
730 730
731 2
731 1
731 2720
731 731
732 1
732 732
733 2
733 2
733 2
733 733
734 37
734 734
735 2
735 2
735 2
735 284
735 139
735 735
736 1
736 736
737 2
737 737
738 7
738 7
738 66
738 28
738 738
739 155
739 739
740 2
740 740
741 37
741 741
742 7
742 1
742 1185
742 742
743 1
743 743
744 2
744 2
744 60
744 169
744 744
745 2
745 25
745 745
746 7
746 746
747 32
747 747
748 748
749 79
749 2
749 1580
749 0
749 749
750 750
751 462
751 751
752 2
752 7
752 690
752 0
752 752
753 753
754 1
754 1
754 37
754 311
754 2
754 71
754 21
754 754
755 2
755 7
755 7
755 755
756 1
756 882
756 930
756 113
756 909
756 2901
756 756
757 83
757 757
758 758
759 37
759 759
760 2
760 2008
760 78
760 760
761 251
761 761
762 43
762 762
763 2
763 763
764 78
764 2
764 2
764 2
764 764
765 534
765 1
765 1312
765 454
765 765
766 766
767 2
767 767
768 1
768 768
769 1
769 769
770 1
770 770
771 2
771 771
772 2
772 310
772 772
773 2
773 773
774 39
774 2
774 2
774 2
774 64
774 1170
774 20
774 1627
774 774
775 2
775 32
775 7
775 143
775 412
775 775
776 1
776 776
777 777
778 40
778 682
778 723
778 778
779 7
779 68
779 2324
779 779
780 3
780 3
780 1
780 1
780 2
780 967
780 29
780 780
781 2
781 781
782 2
782 782
783 2
783 1851
783 783
784 2
784 1
784 7
784 784
785 1
785 2
785 2
785 785
786 2
786 786
787 2
787 787
788 1
788 534
788 788
789 2
789 789
790 2
790 13
790 790
791 29
791 47
791 791
792 21
792 792
793 1
793 793
794 156
794 794
795 720
795 795
796 91
796 38
796 723
796 796
797 2
797 2
797 797
798 40
798 798
799 2
799 799
800 1
800 1
800 32
800 2
800 201
800 475
800 800
801 32
801 0
801 412
801 801
802 11
802 7
802 802
803 475
803 803
804 14
804 1015
804 0
804 0
804 29
804 68
804 804
805 2
805 805
806 91
806 806
807 807
808 32
808 37
808 2
808 808
809 39
809 809
810 0
810 2
810 2
810 795
810 810
811 251
811 811
812 446
812 0
812 812
813 2
813 3
813 995
813 813
814 0
814 1050
814 636
814 1
814 814
815 284
815 815
816 816
817 817
818 484
818 0
818 818
819 2
819 113
819 819
820 88
820 37
820 820
821 0
821 620
821 2
821 821
822 179
822 822
823 78
823 885
823 2
823 823
824 0
824 824
825 2
825 21
825 1
825 1
825 446
825 193
825 825
826 496
826 826
827 2
827 827
828 2
828 2
828 39
828 828
829 829
830 71
830 830
831 2
831 831
832 7
832 832
833 168
833 833
834 1
834 834
835 2
835 1
835 1
835 835
836 1
836 7
836 620
836 155
836 836
837 2
837 2
837 1
837 0
837 837
838 108
838 852
838 2
838 268
838 976
838 838
839 839
840 2
840 840
841 2
841 841
842 720
842 1266
842 2
842 1
842 2270
842 842
843 1
843 0
843 843
844 1
844 2
844 2
844 2
844 2
844 2
844 25
844 27
844 844
845 2
845 100
845 845
846 2
846 1
846 846
847 1
847 847
848 37
848 3
848 848
849 63
849 849
850 2
850 1
850 850
851 2
851 2
851 69
851 851
852 2
852 852
853 1
853 43
853 853
854 43
854 2
854 854
855 855
856 7
856 856
857 857
858 25
858 858
859 2
859 859
860 264
860 1
860 1
860 860
861 2
861 153
861 861
862 477
862 21
862 27
862 862
863 2
863 161
863 0
863 244
863 753
863 2449
863 863
864 164
864 864
865 37
865 703
865 865
866 866
867 2
867 32
867 867
868 868
869 869
870 342
870 870
871 1
871 871
872 2
872 872
873 39
873 873
874 874
875 7
875 875
876 876
877 2
877 877
878 1
878 620
878 878
879 7
879 879
880 2
880 0
880 880
881 2
881 0
881 881
882 882
883 2
883 883
884 60
884 47
884 0
884 73
884 1591
884 1658
884 2
884 1015
884 1
884 2271
884 884
885 885
886 2
886 2
886 66
886 13
886 20
886 0
886 2467
886 886
887 47
887 887
888 475
888 342
888 3
888 25
888 0
888 1953
888 766
888 2511
888 1
888 888
889 32
889 889
890 890
891 0
891 891
892 2
892 892
893 288
893 893
894 88
894 894
895 753
895 895
896 334
896 13
896 896
897 94
897 69
897 897
898 898
899 0
899 899
900 475
900 900
901 901
902 125
902 902
903 201
903 2
903 903
904 219
904 40
904 2
904 2
904 32
904 904
905 475
905 32
905 905
906 1
906 1
906 1
906 186
906 2
906 43
906 1043
906 25
906 906
907 88
907 907
908 2
908 908
909 79
909 1843
909 2239
909 909
910 1
910 2
910 615
910 910
911 0
911 911
912 2
912 912
913 63
913 32
913 913
914 2
914 21
914 914
915 1
915 915
916 78
916 916
917 0
917 917
918 63
918 2
918 918
919 852
919 919
920 32
920 920
921 1
921 921
922 32
922 1
922 922
923 573
923 923
924 134
924 2
924 1
924 924
925 108
925 925
926 2
926 926
927 2
927 927
928 1
928 1
928 1
928 7
928 2
928 2
928 1020
928 1090
928 0
928 928
929 869
929 929
930 930
931 2
931 1
931 931
932 71
932 932
933 45
933 933
934 0
934 934
935 933
935 935
936 1
936 936
937 1
937 937
938 14
938 1783
938 938
939 248
939 295
939 939
940 940
941 2
941 941
942 0
942 942
943 29
943 943
944 30
944 944
945 0
945 945
946 2
946 1620
946 312
946 946
947 7
947 947
948 948
949 1
949 661
949 2
949 2
949 2
949 2
949 29
949 262
949 2526
949 949
950 1
950 1
950 60
950 2
950 950
951 1
951 60
951 951
952 2
952 284
952 1
952 952
953 2
953 0
953 953
954 727
954 1
954 954
955 20
955 955
956 242
956 956
957 1
957 957
958 2
958 2
958 958
959 1
959 959
960 2
960 960
961 0
961 961
962 7
962 2
962 1
962 962
963 1
963 963
964 1
964 2
964 964
965 2
965 965
966 2
966 1599
966 393
966 966
967 2
967 967
968 0
968 968
969 1
969 969
970 2
970 7
970 970
971 494
971 971
972 143
972 972
973 7
973 973
974 0
974 2861
974 974
975 45
975 2
975 975
976 1
976 1
976 2
976 2
976 91
976 156
976 976
977 2
977 29
977 2515
977 977
978 2
978 978
979 244
979 979
980 21
980 980
981 139
981 981
982 153
982 982
983 1
983 983
984 1
984 0
984 1209
984 1869
984 984
985 2
985 2
985 2
985 1
985 78
985 748
985 295
985 985
986 68
986 63
986 986
987 987
988 294
988 988
989 132
989 989
990 1
990 990
991 7
991 991
992 770
992 992
993 2
993 993
994 941
994 994
995 995
996 1
996 996
997 7
997 997
998 2
998 998
999 40
999 999
1000 7
1000 1000
1001 950
1001 1001
1002 78
1002 1002
1003 1
1003 1003
1004 396
1004 1004
1005 2
1005 1005
1006 71
1006 1006
1007 1007
1008 2
1008 1008
1009 2
1009 2
1009 1009
1010 2
1010 1010
1011 43
1011 1011
1012 309
1012 1932
1012 1107
1012 1012
1013 1013
1014 2
1014 1014
1015 1015
1016 7
1016 1016
1017 2
1017 494
1017 1017
1018 63
1018 829
1018 373
1018 1018
1019 1
1019 1959
1019 1019
1020 1020
1021 1
1021 1301
1021 1021
1022 0
1022 1022
1023 313
1023 1023
1024 2
1024 1024
1025 63
1025 2
1025 2
1025 13
1025 1025
1026 43
1026 2
1026 1026
1027 650
1027 1
1027 7
1027 1027
1028 2
1028 976
1028 475
1028 1028
1029 2
1029 81
1029 2259
1029 2401
1029 1029
1030 1
1030 1030
1031 29
1031 1031
1032 1032
1033 2
1033 217
1033 88
1033 481
1033 1153
1033 2838
1033 1033
1034 1020
1034 1034
1035 1
1035 443
1035 21
1035 1035
1036 2
1036 2
1036 2
1036 2
1036 2
1036 2
1036 306
1036 1036
1037 2
1037 1037
1038 2
1038 1038
1039 2
1039 264
1039 1039
1040 1
1040 1040
1041 519
1041 1041
1042 1
1042 71
1042 1325
1042 0
1042 1577
1042 380
1042 1042
1043 1
1043 1043
1044 2
1044 1044
1045 1
1045 1045
1046 722
1046 7
1046 244
1046 248
1046 37
1046 2
1046 1046
1047 2
1047 1047
1048 921
1048 1048
1049 1
1049 1049
1050 1050
1051 126
1051 7
1051 123
1051 13
1051 1051
1052 590
1052 720
1052 1052
1053 2
1053 1053
1054 1
1054 1255
1054 275
1054 1054
1055 1
1055 372
1055 66
1055 1055
1056 37
1056 2
1056 2
1056 1056
1057 1057
1058 7
1058 1058
1059 2
1059 1059
1060 0
1060 1795
1060 21
1060 1060
1061 2
1061 2
1061 132
1061 1061
1062 0
1062 1062
1063 670
1063 0
1063 1063
1064 1020
1064 1064
1065 43
1065 1065
1066 0
1066 1066
1067 1
1067 1067
1068 66
1068 1068
1069 143
1069 1069
1070 1070
1071 678
1071 2565
1071 1071
1072 2
1072 1072
1073 11
1073 1073
1074 32
1074 1074
1075 91
1075 2114
1075 1075
1076 2
1076 10
1076 1076
1077 1077
1078 720
1078 63
1078 10
1078 7
1078 1078
1079 1
1079 0
1079 63
1079 2565
1079 1079
1080 7
1080 1080
1081 2
1081 1081
1082 668
1082 1082
1083 2
1083 1083
1084 244
1084 1084
1085 690
1085 957
1085 73
1085 64
1085 1
1085 153
1085 1085
1086 0
1086 88
1086 1
1086 43
1086 91
1086 1086
1087 7
1087 1087
1088 0
1088 268
1088 1088
1089 73
1089 2
1089 1089
1090 1090
1091 1091
1092 186
1092 1092
1093 215
1093 1
1093 0
1093 1093
1094 0
1094 1825
1094 1094
1095 326
1095 113
1095 1095
1096 0
1096 1096
1097 91
1097 7
1097 1097
1098 244
1098 1098
1099 1
1099 1099
1100 1
1100 1100
1101 73
1101 1101
1102 0
1102 130
1102 1815
1102 1102
1103 2
1103 2
1103 156
1103 1103
1104 2
1104 1104
1105 268
1105 2
1105 1508
1105 1105
1106 516
1106 1
1106 1106
1107 0
1107 1107
1108 2
1108 1108
1109 7
1109 1109
1110 634
1110 259
1110 1110
1111 118
1111 494
1111 1111
1112 7
1112 7
1112 1807
1112 1112
1113 2
1113 1113
1114 326
1114 234
1114 1114
1115 312
1115 1115
1116 2
1116 1116
1117 2
1117 1117
1118 7
1118 1118
1119 2
1119 1119
1120 2
1120 32
1120 7
1120 1120
1121 2
1121 1121
1122 7
1122 1013
1122 1
1122 1122
1123 68
1123 1
1123 2
1123 1123
1124 2
1124 1124
1125 1
1125 1125
1126 1
1126 1126
1127 1
1127 1314
1127 2
1127 84
1127 1127
1128 694
1128 1128
1129 1
1129 1129
1130 2
1130 2
1130 2
1130 37
1130 0
1130 60
1130 1130
1131 1131
1132 186
1132 186
1132 0
1132 1132
1133 123
1133 1133
1134 1134
1135 443
1135 1135
1136 27
1136 134
1136 1136
1137 2
1137 1137
1138 937
1138 2
1138 1138
1139 78
1139 2
1139 2
1139 1139
1140 6
1140 2
1140 1140
1141 1
1141 1141
1142 20
1142 1142
1143 1
1143 1143
1144 1144
1145 7
1145 47
1145 1145
1146 1146
1147 1
1147 2
1147 1147
1148 2
1148 1148
1149 83
1149 54
1149 1149
1150 0
1150 1150
1151 1151
1152 2
1152 60
1152 1152
1153 2
1153 1153
1154 63
1154 1154
1155 1
1155 2
1155 2
1155 125
1155 66
1155 2048
1155 1155
1156 1156
1157 2
1157 1157
1158 1158
1159 753
1159 91
1159 1159
1160 1160
1161 481
1161 1161
1162 7
1162 1503
1162 1162
1163 7
1163 268
1163 1163
1164 631
1164 2
1164 1164
1165 32
1165 1165
1166 186
1166 1166
1167 1167
1168 1
1168 1168
1169 32
1169 1169
1170 1170
1171 2
1171 1171
1172 534
1172 1172
1173 244
1173 1173
1174 32
1174 1174
1175 71
1175 1175
1176 47
1176 1176
1177 1
1177 0
1177 1177
1178 168
1178 1178
1179 1167
1179 1179
1180 13
1180 1180
1181 2
1181 415
1181 2712
1181 1181
1182 32
1182 1
1182 1182
1183 0
1183 2
1183 1183
1184 271
1184 1184
1185 1185
1186 244
1186 326
1186 1186
1187 21
1187 1187
1188 433
1188 1188
1189 2
1189 2
1189 2
1189 1671
1189 1189
1190 1
1190 1190
1191 7
1191 3
1191 60
1191 1191
1192 223
1192 0
1192 1192
1193 284
1193 1193
1194 2
1194 1194
1195 2
1195 723
1195 910
1195 1195
1196 443
1196 55
1196 47
1196 1196
1197 148
1197 1197
1198 1
1198 83
1198 1198
1199 39
1199 1199
1200 205
1200 1200
1201 2
1201 1201
1202 1
1202 91
1202 0
1202 1202
1203 134
1203 161
1203 852
1203 249
1203 2
1203 2
1203 1203
1204 1
1204 1204
1205 275
1205 1205
1206 2
1206 1206
1207 239
1207 1207
1208 21
1208 1
1208 1208
1209 1209
1210 7
1210 1210
1211 2
1211 1211
1212 1
1212 1
1212 130
1212 13
1212 1212
1213 1213
1214 174
1214 1214
1215 365
1215 1215
1216 2
1216 2
1216 1216
1217 288
1217 1217
1218 1
1218 1
1218 66
1218 168
1218 1218
1219 1219
1220 47
1220 1104
1220 1220
1221 7
1221 1221
1222 2
1222 1988
1222 67
1222 1222
1223 256
1223 1223
1224 433
1224 2
1224 1224
1225 37
1225 1678
1225 1225
1226 995
1226 3
1226 1226
1227 56
1227 1227
1228 2
1228 475
1228 32
1228 1228
1229 268
1229 1229
1230 1
1230 1230
1231 7
1231 1231
1232 2
1232 1232
1233 32
1233 0
1233 1879
1233 1233
1234 2
1234 1234
1235 1235
1236 2
1236 2
1236 42
1236 1236
1237 82
1237 1237
1238 113
1238 1238
1239 91
1239 1239
1240 251
1240 1240
1241 217
1241 1241
1242 2
1242 1242
1243 1
1243 1243
1244 2
1244 2
1244 879
1244 0
1244 1244
1245 1245
1246 7
1246 1
1246 25
1246 1246
1247 2
1247 1857
1247 1247
1248 2
1248 1248
1249 2
1249 1249
1250 1
1250 1250
1251 7
1251 2919
1251 1251
1252 1
1252 2
1252 1252
1253 2
1253 1253
1254 1
1254 1254
1255 1255
1256 39
1256 1836
1256 1256
1257 1257
1258 0
1258 1258
1259 71
1259 753
1259 1259
1260 0
1260 2
1260 1260
1261 1261
1262 113
1262 1262
1263 251
1263 1263
1264 2
1264 1264
1265 2
1265 1265
1266 1266
1267 2
1267 2
1267 1267
1268 446
1268 328
1268 1268
1269 1269
1270 155
1270 1753
1270 13
1270 2
1270 1270
1271 2
1271 2
1271 1271
1272 78
1272 7
1272 1272
1273 2
1273 0
1273 7
1273 2491
1273 1273
1274 2
1274 1274
1275 47
1275 1275
1276 237
1276 1276
1277 2
1277 1277
1278 2
1278 2
1278 2
1278 1278
1279 2
1279 125
1279 1279
1280 32
1280 2
1280 1280
1281 47
1281 1281
1282 1
1282 268
1282 2515
1282 2
1282 1674
1282 1282
1283 638
1283 2
1283 1283
1284 0
1284 1284
1285 332
1285 1285
1286 7
1286 2381
1286 25
1286 1286
1287 1185
1287 748
1287 1287
1288 1
1288 1288
1289 7
1289 1289
1290 161
1290 2
1290 1290
1291 2
1291 1291
1292 29
1292 9
1292 1292
1293 373
1293 1293
1294 284
1294 1294
1295 2
1295 2
1295 113
1295 37
1295 1295
1296 40
1296 664
1296 1296
1297 47
1297 1297
1298 1298
1299 0
1299 1299
1300 7
1300 1300
1301 2
1301 2
1301 494
1301 1301
1302 2
1302 2
1302 373
1302 1302
1303 244
1303 1303
1304 217
1304 1304
1305 723
1305 1305
1306 754
1306 1306
1307 534
1307 1307
1308 39
1308 1308
1309 21
1309 313
1309 7
1309 130
1309 1309
1310 2
1310 1310
1311 2
1311 1311
1312 1312
1313 0
1313 1950
1313 1313
1314 1314
1315 1315
1316 1
1316 578
1316 1316
1317 2
1317 37
1317 1317
1318 60
1318 1318
1319 3
1319 2
1319 2
1319 1
1319 1319
1320 342
1320 1320
1321 454
1321 1321
1322 1
1322 1322
1323 244
1323 1323
1324 32
1324 1324
1325 1325
1326 1326
1327 71
1327 26
1327 2
1327 2254
1327 554
1327 1327
1328 496
1328 1328
1329 309
1329 1329
1330 43
1330 1330
1331 1238
1331 1331
1332 2
1332 1332
1333 720
1333 1333
1334 0
1334 1334
1335 1
1335 1335
1336 7
1336 1336
1337 7
1337 1337
1338 0
1338 0
1338 1338
1339 1339
1340 14
1340 1340
1341 0
1341 1341
1342 326
1342 1342
1343 66
1343 1343
1344 2
1344 393
1344 29
1344 40
1344 1344
1345 36
1345 1314
1345 1345
1346 233
1346 1346
1347 2
1347 2904
1347 1347
1348 2
1348 1348
1349 78
1349 1349
1350 47
1350 1350
1351 1351
1352 2
1352 1352
1353 7
1353 186
1353 1353
1354 1354
1355 2
1355 1355
1356 234
1356 1356
1357 7
1357 0
1357 1357
1358 2
1358 1358
1359 2
1359 1359
1360 2
1360 1360
1361 1
1361 1361
1362 1
1362 1362
1363 2
1363 1363
1364 42
1364 1364
1365 2
1365 1
1365 2109
1365 1365
1366 85
1366 433
1366 71
1366 1366
1367 1367
1368 2
1368 145
1368 1368
1369 91
1369 1369
1370 2
1370 1370
1371 79
1371 7
1371 1371
1372 2
1372 415
1372 1372
1373 248
1373 1373
1374 153
1374 1374
1375 201
1375 1375
1376 68
1376 1376
1377 310
1377 1377
1378 2
1378 1378
1379 326
1379 1379
1380 542
1380 1
1380 1380
1381 2
1381 1381
1382 1382
1383 171
1383 1383
1384 1384
1385 2
1385 1385
1386 38
1386 1261
1386 1386
1387 7
1387 1
1387 1387
1388 201
1388 2
1388 1388
1389 2
1389 1389
1390 40
1390 108
1390 1390
1391 2
1391 1391
1392 1392
1393 795
1393 1393
1394 2
1394 1394
1395 690
1395 1395
1396 168
1396 1396
1397 1
1397 1397
1398 7
1398 1398
1399 7
1399 2
1399 1399
1400 63
1400 1400
1401 7
1401 301
1401 1401
1402 113
1402 1402
1403 1282
1403 1403
1404 0
1404 1404
1405 69
1405 1405
1406 1
1406 1406
1407 913
1407 1407
1408 1020
1408 83
1408 1408
1409 1
1409 1409
1410 232
1410 2
1410 1410
1411 307
1411 237
1411 2
1411 7
1411 1411
1412 168
1412 1412
1413 2
1413 1413
1414 2
1414 1414
1415 2
1415 1415
1416 2
1416 1416
1417 7
1417 1417
1418 1
1418 1418
1419 2
1419 1419
1420 2
1420 1420
1421 2
1421 1421
1422 1422
1423 20
1423 1423
1424 1424
1425 1027
1425 32
1425 1425
1426 38
1426 37
1426 1426
1427 125
1427 244
1427 1427
1428 1428
1429 78
1429 1429
1430 2
1430 1430
1431 332
1431 1
1431 1193
1431 1431
1432 2
1432 264
1432 7
1432 1432
1433 2
1433 839
1433 1433
1434 1
1434 1434
1435 73
1435 1837
1435 1
1435 1435
1436 244
1436 1436
1437 2
1437 2
1437 1437
1438 7
1438 1438
1439 40
1439 1439
1440 1
1440 1440
1441 1441
1442 27
1442 1442
1443 2
1443 1443
1444 817
1444 1444
1445 1
1445 0
1445 1445
1446 2
1446 1446
1447 68
1447 1
1447 63
1447 1447
1448 25
1448 1448
1449 2
1449 7
1449 1449
1450 2
1450 1314
1450 1450
1451 1158
1451 1451
1452 7
1452 1452
1453 2
1453 1453
1454 68
1454 2
1454 1454
1455 2
1455 2
1455 1455
1456 554
1456 217
1456 7
1456 1456
1457 1
1457 1457
1458 1015
1458 2
1458 1458
1459 852
1459 60
1459 39
1459 1375
1459 1459
1460 475
1460 2
1460 1460
1461 1
1461 1461
1462 3
1462 1462
1463 1
1463 1463
1464 0
1464 1464
1465 2
1465 1465
1466 29
1466 1
1466 1466
1467 2
1467 1467
1468 125
1468 1
1468 1713
1468 1847
1468 1468
1469 1360
1469 1469
1470 294
1470 1470
1471 2
1471 0
1471 1471
1472 457
1472 2
1472 1472
1473 1
1473 1473
1474 1050
1474 1474
1475 2
1475 1475
1476 3
1476 1476
1477 2
1477 1477
1478 269
1478 2906
1478 1478
1479 287
1479 1479
1480 78
1480 1480
1481 0
1481 1481
1482 1134
1482 1482
1483 1
1483 1483
1484 3
1484 1
1484 1484
1485 1485
1486 1
1486 1486
1487 1
1487 1
1487 1487
1488 25
1488 1488
1489 169
1489 2767
1489 1489
1490 1023
1490 1490
1491 2
1491 1491
1492 1
1492 1492
1493 0
1493 0
1493 2
1493 1493
1494 13
1494 1494
1495 1
1495 1495
1496 1496
1497 1
1497 1497
1498 60
1498 0
1498 1498
1499 2
1499 1499
1500 13
1500 1500
1501 29
1501 1501
1502 45
1502 1502
1503 2
1503 1503
1504 375
1504 1504
1505 2
1505 1505
1506 244
1506 1506
1507 2
1507 0
1507 1507
1508 2
1508 2
1508 0
1508 7
1508 1508
1509 6
1509 1509
1510 7
1510 1510
1511 152
1511 2219
1511 1511
1512 64
1512 1512
1513 1513
1514 156
1514 38
1514 1514
1515 1515
1516 1
1516 1516
1517 0
1517 1517
1518 249
1518 1518
1519 2
1519 1519
1520 2
1520 1520
1521 2
1521 1937
1521 1521
1522 21
1522 1522
1523 1181
1523 1523
1524 7
1524 63
1524 1
1524 554
1524 91
1524 1524
1525 966
1525 1525
1526 2
1526 1526
1527 227
1527 1527
1528 43
1528 1528
1529 7
1529 1529
1530 2
1530 2
1530 303
1530 1530
1531 1
1531 720
1531 2
1531 1531
1532 1532
1533 88
1533 2
1533 1533
1534 3
1534 1534
1535 7
1535 1535
1536 268
1536 1536
1537 2
1537 0
1537 156
1537 1537
1538 2
1538 1538
1539 1
1539 1
1539 21
1539 1539
1540 2
1540 1540
1541 1
1541 1541
1542 268
1542 1542
1543 2
1543 1543
1544 98
1544 1544
1545 79
1545 1050
1545 1545
1546 7
1546 1546
1547 2
1547 1547
1548 443
1548 1548
1549 2
1549 1549
1550 433
1550 1550
1551 0
1551 1551
1552 2
1552 1815
1552 1552
1553 0
1553 1553
1554 0
1554 1554
1555 2
1555 1555
1556 78
1556 244
1556 1556
1557 40
1557 1557
1558 284
1558 1558
1559 1265
1559 73
1559 2
1559 1559
1560 1
1560 2
1560 1560
1561 1561
1562 268
1562 1562
1563 1107
1563 1563
1564 91
1564 1564
1565 560
1565 2
1565 1565
1566 1
1566 1566
1567 2
1567 1567
1568 2
1568 1568
1569 248
1569 1569
1570 248
1570 2
1570 416
1570 1570
1571 66
1571 1571
1572 113
1572 1572
1573 32
1573 1573
1574 32
1574 1574
1575 1575
1576 2
1576 1576
1577 1577
1578 2
1578 1578
1579 67
1579 2
1579 1579
1580 1580
1581 690
1581 0
1581 1581
1582 18
1582 1582
1583 32
1583 1583
1584 40
1584 1584
1585 1585
1586 766
1586 1586
1587 71
1587 3
1587 1587
1588 403
1588 1588
1589 2
1589 1589
1590 433
1590 1590
1591 2
1591 1591
1592 1592
1593 2
1593 1593
1594 0
1594 1594
1595 723
1595 63
1595 1595
1596 73
1596 817
1596 1596
1597 2
1597 1597
1598 2
1598 1598
1599 1599
1600 1
1600 73
1600 1600
1601 1
1601 3
1601 1601
1602 1
1602 2
1602 1602
1603 1
1603 1603
1604 1
1604 1604
1605 2
1605 1605
1606 3
1606 1606
1607 148
1607 1607
1608 2
1608 1
1608 1608
1609 2
1609 1609
1610 7
1610 2
1610 2
1610 1610
1611 2
1611 1611
1612 78
1612 1612
1613 2
1613 1613
1614 3
1614 78
1614 1614
1615 1
1615 1615
1616 1513
1616 481
1616 1616
1617 45
1617 56
1617 1617
1618 0
1618 1618
1619 69
1619 147
1619 2106
1619 1619
1620 2
1620 1620
1621 244
1621 1621
1622 1532
1622 1622
1623 2
1623 1623
1624 130
1624 1624
1625 2
1625 1625
1626 507
1626 1626
1627 2
1627 1627
1628 1
1628 372
1628 905
1628 2
1628 1628
1629 1629
1630 1630
1631 1631
1632 2
1632 1632
1633 753
1633 118
1633 91
1633 0
1633 1633
1634 2
1634 0
1634 1634
1635 0
1635 1635
1636 0
1636 1636
1637 1637
1638 113
1638 1638
1639 2
1639 1639
1640 2
1640 1640
1641 140
1641 1641
1642 417
1642 1642
1643 1
1643 1643
1644 1392
1644 2
1644 171
1644 1644
1645 2
1645 1645
1646 56
1646 1646
1647 534
1647 0
1647 1647
1648 1
1648 964
1648 2
1648 1648
1649 130
1649 1649
1650 2
1650 1650
1651 2
1651 1651
1652 2
1652 1652
1653 310
1653 1653
1654 256
1654 1654
1655 443
1655 1655
1656 1
1656 1656
1657 2
1657 2
1657 1657
1658 1658
1659 2
1659 0
1659 1659
1660 2
1660 1660
1661 290
1661 1661
1662 2
1662 1662
1663 1
1663 1663
1664 2
1664 1664
1665 7
1665 1665
1666 71
1666 1666
1667 584
1667 1667
1668 125
1668 1668
1669 174
1669 1669
1670 2
1670 1670
1671 1671
1672 229
1672 1672
1673 1
1673 1673
1674 2
1674 1674
1675 0
1675 1675
1676 1
1676 1676
1677 227
1677 140
1677 1677
1678 156
1678 2
1678 1678
1679 517
1679 1679
1680 2
1680 573
1680 1680
1681 2
1681 1681
1682 426
1682 1682
1683 153
1683 1683
1684 2
1684 1684
1685 0
1685 2537
1685 1685
1686 40
1686 1686
1687 2
1687 1687
1688 2
1688 1688
1689 1
1689 1689
1690 2
1690 125
1690 1690
1691 1
1691 2
1691 1691
1692 68
1692 2
1692 1692
1693 858
1693 1693
1694 1694
1695 2
1695 433
1695 1695
1696 2
1696 2
1696 0
1696 1696
1697 0
1697 1170
1697 1697
1698 690
1698 1337
1698 37
1698 2205
1698 1698
1699 32
1699 1699
1700 1
1700 778
1700 1700
1701 63
1701 426
1701 1701
1702 2
1702 1702
1703 2
1703 1703
1704 2
1704 1704
1705 1
1705 0
1705 519
1705 1705
1706 13
1706 1706
1707 43
1707 1707
1708 2
1708 1708
1709 1
1709 1709
1710 2
1710 2
1710 1710
1711 664
1711 1711
1712 2
1712 1712
1713 1713
1714 242
1714 1714
1715 1715
1716 1702
1716 1716
1717 2
1717 1717
1718 2
1718 1718
1719 2
1719 1719
1720 112
1720 1720
1721 1134
1721 2626
1721 1721
1722 1722
1723 39
1723 1723
1724 1
1724 1724
1725 1725
1726 2
1726 1726
1727 7
1727 1727
1728 7
1728 1728
1729 2
1729 1729
1730 2
1730 1730
1731 25
1731 1731
1732 2
1732 1732
1733 1
1733 1733
1734 615
1734 0
1734 987
1734 1734
1735 40
1735 1735
1736 2
1736 1
1736 7
1736 1736
1737 2
1737 1737
1738 284
1738 1738
1739 395
1739 1739
1740 1
1740 1740
1741 7
1741 1741
1742 135
1742 1742
1743 0
1743 1743
1744 1
1744 32
1744 0
1744 71
1744 1744
1745 1
1745 2
1745 1745
1746 155
1746 1746
1747 0
1747 310
1747 1
1747 1747
1748 1144
1748 1748
1749 1
1749 1749
1750 47
1750 1750
1751 1
1751 1751
1752 237
1752 1752
1753 3
1753 1753
1754 2
1754 1754
1755 1
1755 1755
1756 1057
1756 1756
1757 1
1757 2
1757 1757
1758 2
1758 1758
1759 2
1759 1759
1760 1
1760 1760
1761 1420
1761 1761
1762 1086
1762 1762
1763 317
1763 1763
1764 0
1764 1
1764 1764
1765 32
1765 1765
1766 2
1766 1766
1767 0
1767 2546
1767 1767
1768 14
1768 1768
1769 1
1769 1769
1770 1
1770 1770
1771 426
1771 1771
1772 2
1772 1772
1773 575
1773 1773
1774 1774
1775 201
1775 1775
1776 2
1776 2
1776 1776
1777 816
1777 1777
1778 1778
1779 2
1779 1779
1780 2
1780 2
1780 433
1780 1780
1781 186
1781 1781
1782 2
1782 1782
1783 1783
1784 0
1784 1784
1785 1093
1785 373
1785 1785
1786 91
1786 1786
1787 1
1787 1787
1788 2
1788 1788
1789 2
1789 1
1789 1789
1790 7
1790 1790
1791 820
1791 1791
1792 446
1792 1792
1793 248
1793 1793
1794 846
1794 1794
1795 1795
1796 47
1796 1796
1797 2
1797 1797
1798 45
1798 1798
1799 2
1799 1799
1800 7
1800 1800
1801 2
1801 1801
1802 79
1802 1802
1803 855
1803 1803
1804 0
1804 1804
1805 25
1805 1805
1806 32
1806 1806
1807 1807
1808 2
1808 1808
1809 2
1809 1809
1810 2
1810 1810
1811 11
1811 1811
1812 1298
1812 1812
1813 242
1813 1813
1814 2
1814 1814
1815 1815
1816 1816
1817 2
1817 1817
1818 2
1818 1818
1819 1819
1820 27
1820 1820
1821 2
1821 1992
1821 1821
1822 7
1822 1822
1823 43
1823 1823
1824 2
1824 1824
1825 1825
1826 1
1826 39
1826 885
1826 1826
1827 0
1827 1949
1827 1827
1828 2
1828 1828
1829 64
1829 1829
1830 1
1830 1830
1831 416
1831 1831
1832 1
1832 70
1832 1832
1833 2
1833 1833
1834 186
1834 1834
1835 1536
1835 1835
1836 1836
1837 1837
1838 1
1838 0
1838 1838
1839 1333
1839 1839
1840 1
1840 1
1840 32
1840 1840
1841 2
1841 1841
1842 2
1842 1842
1843 1843
1844 7
1844 171
1844 1844
1845 670
1845 1845
1846 664
1846 1846
1847 1847
1848 2
1848 2
1848 1848
1849 373
1849 1849
1850 1823
1850 2282
1850 1850
1851 2
1851 1851
1852 2
1852 1852
1853 7
1853 1853
1854 1
1854 1854
1855 2
1855 1855
1856 71
1856 1856
1857 1857
1858 244
1858 496
1858 1858
1859 135
1859 1859
1860 885
1860 1860
1861 2
1861 1861
1862 248
1862 1862
1863 2
1863 1863
1864 2
1864 2
1864 1864
1865 251
1865 1865
1866 720
1866 1866
1867 1867
1868 1
1868 1868
1869 1869
1870 2
1870 1870
1871 545
1871 1871
1872 1872
1873 78
1873 1873
1874 1
1874 1874
1875 1875
1876 1
1876 1876
1877 257
1877 1877
1878 2
1878 1878
1879 1879
1880 2
1880 1880
1881 2
1881 1881
1882 1770
1882 1882
1883 1325
1883 1883
1884 261
1884 1884
1885 2
1885 2
1885 1885
1886 32
1886 1886
1887 32
1887 337
1887 1887
1888 1
1888 1888
1889 155
1889 1889
1890 25
1890 1890
1891 2
1891 1891
1892 1892
1893 2
1893 1893
1894 2
1894 1894
1895 60
1895 1895
1896 1420
1896 1896
1897 148
1897 1897
1898 1898
1899 1235
1899 7
1899 125
1899 1899
1900 0
1900 1900
1901 2
1901 1901
1902 303
1902 1513
1902 68
1902 1902
1903 2
1903 1903
1904 0
1904 1904
1905 2
1905 1905
1906 7
1906 1906
1907 1907
1908 1908
1909 546
1909 1909
1910 499
1910 1910
1911 2
1911 1911
1912 7
1912 2
1912 1912
1913 523
1913 1913
1914 534
1914 1914
1915 1513
1915 1915
1916 1916
1917 7
1917 1917
1918 32
1918 1918
1919 2
1919 0
1919 1919
1920 929
1920 1920
1921 1337
1921 1921
1922 1795
1922 1922
1923 2
1923 1923
1924 1
1924 1924
1925 66
1925 1925
1926 1926
1927 6
1927 1927
1928 573
1928 1928
1929 7
1929 1929
1930 71
1930 7
1930 1930
1931 1
1931 1931
1932 1932
1933 7
1933 1933
1934 1
1934 1934
1935 1013
1935 1935
1936 1495
1936 94
1936 1936
1937 1937
1938 2
1938 1938
1939 720
1939 1939
1940 1
1940 1940
1941 2
1941 1941
1942 1415
1942 1942
1943 2
1943 1943
1944 2
1944 1944
1945 7
1945 1945
1946 2
1946 244
1946 1946
1947 1947
1948 2
1948 638
1948 1948
1949 1949
1950 1950
1951 29
1951 1951
1952 156
1952 1952
1953 1953
1954 494
1954 1954
1955 2
1955 1955
1956 27
1956 1956
1957 2
1957 1957
1958 2
1958 1958
1959 1959
1960 1
1960 1960
1961 25
1961 1961
1962 88
1962 1962
1963 244
1963 1963
1964 1
1964 1964
1965 21
1965 3
1965 1965
1966 2
1966 1966
1967 82
1967 1967
1968 584
1968 1968
1969 251
1969 1969
1970 7
1970 1970
1971 1
1971 1971
1972 287
1972 1972
1973 1973
1974 2
1974 1974
1975 2
1975 1975
1976 1
1976 1976
1977 2
1977 1977
1978 6
1978 1978
1979 1
1979 1979
1980 1
1980 1980
1981 32
1981 1981
1982 395
1982 1982
1983 415
1983 1983
1984 6
1984 1984
1985 2
1985 1985
1986 244
1986 1986
1987 1987
1988 1988
1989 2
1989 1989
1990 1
1990 1990
1991 2
1991 1991
1992 1992
1993 78
1993 1993
1994 85
1994 1994
1995 869
1995 1995
1996 7
1996 1996
1997 91
1997 1997
1998 169
1998 1998
1999 1999
2000 2
2000 1
2000 2000
2001 1
2001 2
2001 2001
2002 3
2002 2002
2003 0
2003 2600
2003 7
2003 2003
2004 0
2004 2004
2005 2
2005 2005
2006 2
2006 650
2006 2006
2007 2
2007 2007
2008 1380
2008 2008
2009 28
2009 2009
2010 885
2010 2010
2011 2
2011 2011
2012 2
2012 2012
2013 2
2013 2013
2014 2
2014 2014
2015 79
2015 2015
2016 0
2016 2016
2017 20
2017 2095
2017 2017
2018 1
2018 2018
2019 1937
2019 2019
2020 817
2020 2020
2021 2
2021 2021
2022 251
2022 2022
2023 123
2023 2023
2024 948
2024 2024
2025 2025
2026 1
2026 2026
2027 47
2027 2027
2028 1739
2028 2028
2029 249
2029 2029
2030 2
2030 2030
2031 2
2031 2031
2032 256
2032 2032
2033 2033
2034 223
2034 2034
2035 2
2035 2035
2036 64
2036 2036
2037 1
2037 2037
2038 113
2038 2038
2039 1
2039 2039
2040 2
2040 2040
2041 22
2041 2041
2042 7
2042 2042
2043 25
2043 2043
2044 1
2044 2044
2045 936
2045 2045
2046 1
2046 2046
2047 43
2047 2047
2048 2048
2049 68
2049 2049
2050 36
2050 2050
2051 2
2051 2051
2052 2
2052 2052
2053 7
2053 2053
2054 25
2054 2054
2055 326
2055 32
2055 2055
2056 916
2056 2056
2057 60
2057 2057
2058 2058
2059 2059
2060 0
2060 2060
2061 0
2061 2061
2062 1
2062 2389
2062 2062
2063 32
2063 2063
2064 723
2064 2064
2065 1349
2065 2065
2066 125
2066 2066
2067 132
2067 2067
2068 2
2068 2068
2069 156
2069 2069
2070 2
2070 7
2070 2070
2071 1
2071 2071
2072 0
2072 2072
2073 45
2073 2073
2074 2
2074 2074
2075 2075
2076 1
2076 2076
2077 1
2077 2077
2078 2
2078 2078
2079 1337
2079 2079
2080 2
2080 2080
2081 0
2081 1
2081 21
2081 2081
2082 475
2082 0
2082 2082
2083 113
2083 2415
2083 0
2083 2083
2084 32
2084 2084
2085 32
2085 519
2085 2085
2086 585
2086 2086
2087 2
2087 2087
2088 0
2088 2872
2088 2088
2089 2
2089 2089
2090 2
2090 2090
2091 186
2091 2091
2092 47
2092 2092
2093 32
2093 2093
2094 7
2094 7
2094 2094
2095 2095
2096 717
2096 2096
2097 2
2097 2
2097 2097
2098 2
2098 2098
2099 2099
2100 1
2100 2100
2101 2020
2101 2101
2102 2
2102 2102
2103 1
2103 1
2103 2103
2104 1
2104 2104
2105 1380
2105 2105
2106 71
2106 2106
2107 27
2107 2107
2108 7
2108 2108
2109 2109
2110 47
2110 2110
2111 2
2111 2111
2112 1
2112 2112
2113 846
2113 2113
2114 2114
2115 1770
2115 2115
2116 2
2116 2116
2117 155
2117 2117
2118 2
2118 2118
2119 2119
2120 516
2120 2120
2121 91
2121 2121
2122 380
2122 0
2122 2
2122 2122
2123 519
2123 2123
2124 7
2124 168
2124 2124
2125 32
2125 2125
2126 0
2126 2126
2127 269
2127 2127
2128 1013
2128 2128
2129 78
2129 2129
2130 1269
2130 2130
2131 0
2131 2131
2132 21
2132 534
2132 2132
2133 66
2133 2133
2134 66
2134 2134
2135 181
2135 2135
2136 140
2136 2136
2137 2
2137 569
2137 2137
2138 748
2138 39
2138 2138
2139 2139
2140 2
2140 2
2140 2140
2141 94
2141 2141
2142 1018
2142 2142
2143 268
2143 2143
2144 56
2144 2144
2145 45
2145 2145
2146 0
2146 2146
2147 2
2147 2147
2148 2
2148 2148
2149 248
2149 2149
2150 1057
2150 2150
2151 1
2151 2151
2152 63
2152 1059
2152 2152
2153 2
2153 2153
2154 6
2154 2154
2155 2
2155 2155
2156 7
2156 332
2156 2156
2157 91
2157 2157
2158 2
2158 2158
2159 415
2159 2
2159 2159
2160 2
2160 88
2160 2160
2161 415
2161 2161
2162 256
2162 2734
2162 2162
2163 123
2163 2163
2164 2
2164 2164
2165 21
2165 2165
2166 1163
2166 2166
2167 2
2167 2167
2168 3
2168 2168
2169 2
2169 2
2169 2169
2170 1943
2170 2170
2171 2171
2172 2172
2173 1
2173 2173
2174 1
2174 2174
2175 855
2175 1
2175 987
2175 2816
2175 2175
2176 2176
2177 47
2177 2177
2178 1843
2178 150
2178 2178
2179 0
2179 2179
2180 168
2180 2180
2181 2181
2182 486
2182 2182
2183 2
2183 123
2183 0
2183 2183
2184 1
2184 2184
2185 1
2185 2185
2186 1771
2186 2186
2187 2
2187 2187
2188 2
2188 2188
2189 63
2189 2189
2190 652
2190 2190
2191 47
2191 2
2191 2191
2192 7
2192 2192
2193 130
2193 2193
2194 32
2194 2194
2195 2
2195 2195
2196 1
2196 2196
2197 6
2197 2197
2198 1613
2198 2198
2199 2
2199 2199
2200 2
2200 2200
2201 284
2201 2201
2202 1013
2202 2202
2203 1
2203 1
2203 2203
2204 2204
2205 0
2205 2205
2206 1
2206 2206
2207 2207
2208 2
2208 2208
2209 73
2209 2209
2210 242
2210 2210
2211 416
2211 2211
2212 2
2212 2212
2213 2
2213 2213
2214 7
2214 106
2214 2214
2215 7
2215 7
2215 2215
2216 1
2216 2216
2217 2217
2218 1659
2218 2218
2219 2219
2220 21
2220 2220
2221 2221
2222 32
2222 21
2222 2222
2223 2
2223 2223
2224 240
2224 2224
2225 7
2225 2225
2226 2
2226 2226
2227 2227
2228 869
2228 2228
2229 2
2229 2229
2230 43
2230 2230
2231 1
2231 2231
2232 1613
2232 2232
2233 1
2233 2233
2234 2
2234 2234
2235 1
2235 0
2235 2235
2236 2
2236 415
2236 2236
2237 91
2237 2237
2238 1822
2238 2238
2239 2239
2240 913
2240 2240
2241 287
2241 2241
2242 2
2242 2242
2243 7
2243 2243
2244 311
2244 2244
2245 1
2245 2245
2246 186
2246 2246
2247 695
2247 2247
2248 352
2248 2248
2249 24
2249 2249
2250 1
2250 2250
2251 2039
2251 1
2251 2251
2252 250
2252 54
2252 2252
2253 1990
2253 2253
2254 2254
2255 2
2255 2255
2256 494
2256 168
2256 2256
2257 2257
2258 2258
2259 2259
2260 0
2260 2260
2261 2
2261 2261
2262 1325
2262 2262
2263 91
2263 2263
2264 2264
2265 284
2265 2265
2266 7
2266 2266
2267 817
2267 2267
2268 326
2268 2268
2269 1
2269 2269
2270 39
2270 2270
2271 2271
2272 3
2272 2272
2273 650
2273 2273
2274 2274
2275 1341
2275 2275
2276 0
2276 2276
2277 25
2277 2277
2278 1924
2278 18
2278 2278
2279 2
2279 2623
2279 2279
2280 155
2280 2280
2281 1
2281 2281
2282 2282
2283 7
2283 2283
2284 119
2284 2284
2285 264
2285 2285
2286 1
2286 2286
2287 2
2287 2287
2288 21
2288 2288
2289 156
2289 2289
2290 1134
2290 2290
2291 913
2291 2291
2292 32
2292 2292
2293 1
2293 2293
2294 1163
2294 2294
2295 63
2295 2295
2296 2
2296 2296
2297 1869
2297 2
2297 2297
2298 125
2298 1
2298 2298
2299 1148
2299 2299
2300 2
2300 2300
2301 2
2301 2301
2302 215
2302 2302
2303 2303
2304 3
2304 2
2304 2304
2305 244
2305 2305
2306 2
2306 123
2306 1599
2306 2306
2307 242
2307 2307
2308 2286
2308 2308
2309 7
2309 2309
2310 156
2310 309
2310 2310
2311 415
2311 2311
2312 1020
2312 2312
2313 2
2313 2313
2314 2
2314 2314
2315 574
2315 2315
2316 634
2316 2316
2317 7
2317 2317
2318 2
2318 2
2318 2318
2319 2
2319 2319
2320 2
2320 2320
2321 1559
2321 1
2321 2321
2322 443
2322 2322
2323 312
2323 2323
2324 2324
2325 81
2325 2325
2326 2095
2326 2326
2327 1
2327 2327
2328 255
2328 2328
2329 1
2329 2329
2330 2
2330 2330
2331 2
2331 2331
2332 2
2332 2332
2333 7
2333 2333
2334 2334
2335 1
2335 3
2335 2335
2336 2
2336 2336
2337 2
2337 2337
2338 21
2338 2338
2339 2048
2339 2339
2340 145
2340 1550
2340 2340
2341 370
2341 2341
2342 39
2342 2342
2343 1193
2343 2343
2344 2
2344 2344
2345 56
2345 2345
2346 45
2346 2346
2347 186
2347 2
2347 2347
2348 125
2348 21
2348 2348
2349 2
2349 2349
2350 1879
2350 2350
2351 29
2351 2351
2352 21
2352 2352
2353 2285
2353 7
2353 2353
2354 936
2354 1
2354 2354
2355 2
2355 2355
2356 168
2356 2356
2357 2
2357 2357
2358 32
2358 2358
2359 1
2359 2359
2360 25
2360 2360
2361 9
2361 2361
2362 2
2362 2362
2363 91
2363 268
2363 2363
2364 766
2364 2364
2365 7
2365 2365
2366 1
2366 2366
2367 2
2367 723
2367 2367
2368 60
2368 2368
2369 2
2369 2369
2370 2
2370 244
2370 2370
2371 2
2371 2371
2372 0
2372 1
2372 2372
2373 2373
2374 40
2374 2374
2375 125
2375 2375
2376 2259
2376 0
2376 186
2376 2376
2377 1837
2377 2377
2378 0
2378 2378
2379 714
2379 2379
2380 2
2380 13
2380 2380
2381 2381
2382 2
2382 2382
2383 1
2383 2383
2384 2
2384 2384
2385 1671
2385 2385
2386 140
2386 2386
2387 217
2387 2387
2388 2
2388 2388
2389 2389
2390 244
2390 2390
2391 753
2391 2391
2392 2
2392 2392
2393 0
2393 2393
2394 2
2394 2394
2395 2
2395 2395
2396 1637
2396 2396
2397 373
2397 2397
2398 1816
2398 2398
2399 91
2399 2399
2400 0
2400 2400
2401 2401
2402 244
2402 2402
2403 2
2403 2403
2404 437
2404 2404
2405 2
2405 2405
2406 437
2406 2406
2407 1
2407 2407
2408 148
2408 2408
2409 936
2409 2409
2410 303
2410 2410
2411 30
2411 2411
2412 1
2412 2412
2413 2061
2413 2413
2414 2
2414 2414
2415 2415
2416 2
2416 2416
2417 2
2417 2417
2418 7
2418 2418
2419 126
2419 2419
2420 2
2420 2706
2420 2420
2421 2172
2421 2421
2422 2422
2423 2
2423 2423
2424 0
2424 2424
2425 2
2425 2425
2426 2
2426 2426
2427 2
2427 2427
2428 2
2428 2428
2429 7
2429 2429
2430 0
2430 2430
2431 1781
2431 2431
2432 0
2432 2432
2433 7
2433 2433
2434 32
2434 2434
2435 458
2435 2435
2436 554
2436 2436
2437 469
2437 2437
2438 47
2438 2438
2439 2
2439 2439
2440 32
2440 2440
2441 312
2441 2441
2442 64
2442 2442
2443 1282
2443 2443
2444 2
2444 2444
2445 375
2445 2445
2446 25
2446 2446
2447 2
2447 2447
2448 0
2448 2448
2449 2449
2450 7
2450 2450
2451 2
2451 2451
2452 2
2452 2452
2453 130
2453 2453
2454 1
2454 2454
2455 32
2455 2455
2456 2456
2457 647
2457 2457
2458 1
2458 2458
2459 2
2459 2459
2460 0
2460 2460
2461 30
2461 2461
2462 840
2462 2462
2463 1
2463 2463
2464 7
2464 2464
2465 1
2465 2465
2466 7
2466 2466
2467 2467
2468 39
2468 575
2468 2468
2469 1869
2469 2
2469 2469
2470 310
2470 2470
2471 78
2471 2471
2472 186
2472 2472
2473 2
2473 2473
2474 258
2474 2474
2475 375
2475 2475
2476 196
2476 2476
2477 2
2477 2477
2478 32
2478 2478
2479 1
2479 148
2479 2479
2480 1495
2480 2576
2480 2480
2481 40
2481 2481
2482 22
2482 2482
2483 2483
2484 0
2484 2484
2485 2
2485 2485
2486 2
2486 2486
2487 7
2487 2487
2488 73
2488 2488
2489 1898
2489 2489
2490 1077
2490 2490
2491 2491
2492 360
2492 2492
2493 2
2493 2493
2494 2
2494 2494
2495 164
2495 2495
2496 248
2496 2
2496 2703
2496 2496
2497 38
2497 640
2497 2497
2498 7
2498 2498
2499 1131
2499 2499
2500 2
2500 2500
2501 2
2501 2501
2502 130
2502 2502
2503 1
2503 2503
2504 2
2504 2504
2505 147
2505 2505
2506 2441
2506 2506
2507 735
2507 2507
2508 1
2508 2508
2509 585
2509 2509
2510 1265
2510 2510
2511 2511
2512 352
2512 2512
2513 78
2513 2513
2514 1750
2514 2514
2515 2515
2516 9
2516 2516
2517 2517
2518 581
2518 2702
2518 2518
2519 1
2519 2519
2520 753
2520 2520
2521 2
2521 2521
2522 2
2522 2522
2523 553
2523 2523
2524 2238
2524 2524
2525 269
2525 2525
2526 2526
2527 1043
2527 2527
2528 2
2528 2528
2529 1555
2529 2529
2530 71
2530 2530
2531 3
2531 2531
2532 1163
2532 2532
2533 2533
2534 79
2534 2534
2535 244
2535 2535
2536 7
2536 2536
2537 2537
2538 2
2538 45
2538 2538
2539 91
2539 2539
2540 0
2540 2705
2540 1532
2540 2540
2541 2541
2542 2
2542 2764
2542 2542
2543 2
2543 2543
2544 186
2544 2544
2545 2
2545 2545
2546 2546
2547 2
2547 7
2547 2547
2548 464
2548 2548
2549 7
2549 2549
2550 2
2550 2550
2551 2
2551 2551
2552 2
2552 2552
2553 1
2553 2553
2554 2554
2555 2
2555 2555
2556 1665
2556 2556
2557 7
2557 2557
2558 45
2558 2558
2559 0
2559 2559
2560 7
2560 1823
2560 2560
2561 2561
2562 0
2562 2562
2563 2
2563 2563
2564 2
2564 2564
2565 2565
2566 624
2566 2566
2567 79
2567 2567
2568 446
2568 2568
2569 2569
2570 2
2570 2570
2571 582
2571 2571
2572 0
2572 1
2572 2572
2573 433
2573 2573
2574 0
2574 2574
2575 817
2575 2575
2576 2576
2577 481
2577 2
2577 506
2577 2577
2578 0
2578 2578
2579 295
2579 2579
2580 2554
2580 2580
2581 242
2581 2581
2582 60
2582 2582
2583 25
2583 2583
2584 1
2584 2584
2585 1
2585 2585
2586 1
2586 2586
2587 2587
2588 26
2588 2588
2589 1
2589 2589
2590 2175
2590 2590
2591 2
2591 2591
2592 1823
2592 2592
2593 2
2593 2593
2594 3
2594 2594
2595 68
2595 2595
2596 1
2596 7
2596 2596
2597 2597
2598 330
2598 2598
2599 1154
2599 2599
2600 2600
2601 126
2601 2601
2602 312
2602 2602
2603 2
2603 2603
2604 2
2604 2604
2605 527
2605 2605
2606 39
2606 2606
2607 0
2607 2607
2608 68
2608 2608
2609 2609
2610 1
2610 2610
2611 2
2611 2611
2612 1781
2612 2612
2613 1027
2613 2613
2614 32
2614 2614
2615 647
2615 71
2615 2615
2616 71
2616 40
2616 2616
2617 2
2617 2617
2618 71
2618 2618
2619 965
2619 2619
2620 2620
2621 673
2621 2621
2622 2
2622 2622
2623 2
2623 2623
2624 7
2624 2624
2625 2
2625 1
2625 244
2625 2625
2626 2626
2627 63
2627 2627
2628 32
2628 2628
2629 708
2629 2629
2630 2058
2630 2630
2631 29
2631 2631
2632 2
2632 2632
2633 1334
2633 2633
2634 2
2634 2634
2635 1127
2635 2635
2636 119
2636 2636
2637 380
2637 2637
2638 797
2638 2638
2639 1
2639 2639
2640 1339
2640 2640
2641 7
2641 2641
2642 1
2642 2642
2643 1
2643 2643
2644 7
2644 2644
2645 0
2645 2645
2646 1027
2646 2646
2647 416
2647 2647
2648 0
2648 2648
2649 433
2649 2649
2650 2
2650 2650
2651 2651
2652 7
2652 2652
2653 2274
2653 2653
2654 475
2654 2654
2655 2
2655 2655
2656 0
2656 2656
2657 1327
2657 2657
2658 2
2658 949
2658 2658
2659 2
2659 2659
2660 0
2660 2660
2661 1
2661 2661
2662 1
2662 2662
2663 1
2663 2663
2664 534
2664 2664
2665 60
2665 2665
2666 1235
2666 2666
2667 1572
2667 2667
2668 3
2668 2766
2668 2668
2669 2
2669 2669
2670 78
2670 2670
2671 858
2671 2671
2672 2
2672 2672
2673 1240
2673 2673
2674 2
2674 2674
2675 171
2675 2675
2676 2
2676 2676
2677 186
2677 2677
2678 43
2678 2678
2679 2
2679 2679
2680 2
2680 2680
2681 1990
2681 1
2681 2681
2682 722
2682 2682
2683 2683
2684 2
2684 2684
2685 1486
2685 2685
2686 91
2686 2686
2687 1
2687 2687
2688 477
2688 2688
2689 1928
2689 2689
2690 0
2690 2690
2691 0
2691 2691
2692 2692
2693 2693
2694 2
2694 2694
2695 526
2695 2695
2696 2
2696 2696
2697 2067
2697 2697
2698 21
2698 2698
2699 7
2699 2699
2700 2
2700 2700
2701 1748
2701 2701
2702 2702
2703 2703
2704 575
2704 2704
2705 2705
2706 2706
2707 375
2707 2707
2708 1
2708 2708
2709 2
2709 2709
2710 1
2710 562
2710 2710
2711 352
2711 2711
2712 2712
2713 7
2713 2713
2714 573
2714 2714
2715 1
2715 1259
2715 2715
2716 2
2716 2716
2717 1620
2717 2717
2718 595
2718 2718
2719 1
2719 2719
2720 2720
2721 2249
2721 2721
2722 56
2722 2722
2723 83
2723 2723
2724 91
2724 2724
2725 32
2725 2725
2726 1
2726 2726
2727 14
2727 2451
2727 2727
2728 2
2728 2728
2729 1
2729 2
2729 2989
2729 2729
2730 179
2730 2730
2731 1
2731 2731
2732 2
2732 2732
2733 13
2733 2733
2734 2734
2735 2735
2736 32
2736 2736
2737 1485
2737 2737
2738 2
2738 2738
2739 1314
2739 2739
2740 682
2740 7
2740 2740
2741 1702
2741 2741
2742 2
2742 2742
2743 2
2743 2743
2744 123
2744 2744
2745 1738
2745 2745
2746 2746
2747 2747
2748 2
2748 386
2748 2748
2749 161
2749 2749
2750 1
2750 2750
2751 695
2751 2751
2752 620
2752 2752
2753 1
2753 2753
2754 2
2754 2754
2755 2755
2756 634
2756 2756
2757 0
2757 2757
2758 0
2758 2758
2759 384
2759 2759
2760 2173
2760 2760
2761 13
2761 2761
2762 3
2762 2762
2763 130
2763 2763
2764 2764
2765 2
2765 2765
2766 2766
2767 2767
2768 2768
2769 264
2769 2769
2770 2
2770 1341
2770 2770
2771 2
2771 2771
2772 0
2772 2772
2773 255
2773 2773
2774 1
2774 2774
2775 1
2775 2775
2776 7
2776 2776
2777 2
2777 2777
2778 1
2778 2778
2779 268
2779 2779
2780 342
2780 2780
2781 264
2781 2781
2782 2
2782 2782
2783 1
2783 2783
2784 1
2784 2784
2785 2
2785 2785
2786 156
2786 2786
2787 91
2787 2787
2788 201
2788 2788
2789 1
2789 2789
2790 2790
2791 1
2791 2791
2792 2
2792 2792
2793 1
2793 2793
2794 2
2794 2794
2795 7
2795 2795
2796 1
2796 2796
2797 2
2797 2797
2798 94
2798 2798
2799 2
2799 2799
2800 7
2800 2800
2801 1
2801 2958
2801 2801
2802 2
2802 2802
2803 0
2803 2803
2804 155
2804 2804
2805 2227
2805 2805
2806 1928
2806 2806
2807 437
2807 2807
2808 130
2808 2808
2809 1933
2809 2809
2810 2
2810 2810
2811 1
2811 2811
2812 237
2812 2812
2813 171
2813 2813
2814 758
2814 2814
2815 1
2815 2815
2816 2816
2817 7
2817 2817
2818 2818
2819 0
2819 2819
2820 1999
2820 2820
2821 201
2821 2821
2822 2
2822 2822
2823 1
2823 2823
2824 2109
2824 2824
2825 2825
2826 2
2826 2826
2827 1924
2827 2827
2828 481
2828 2828
2829 2
2829 2829
2830 690
2830 2830
2831 1
2831 2831
2832 2
2832 2832
2833 246
2833 2833
2834 2834
2835 415
2835 2835
2836 2
2836 2836
2837 64
2837 2837
2838 2838
2839 1
2839 2839
2840 161
2840 2840
2841 25
2841 2841
2842 7
2842 2842
2843 2
2843 2843
2844 2
2844 2844
2845 2
2845 2845
2846 2818
2846 2846
2847 1
2847 2847
2848 342
2848 2848
2849 39
2849 2849
2850 3
2850 2850
2851 186
2851 2851
2852 1
2852 2852
2853 125
2853 2853
2854 2
2854 2854
2855 0
2855 21
2855 2855
2856 1702
2856 2856
2857 240
2857 2857
2858 310
2858 2858
2859 2
2859 384
2859 2859
2860 2
2860 2860
2861 2861
2862 1
2862 2862
2863 1
2863 2863
2864 1
2864 2864
2865 78
2865 2865
2866 2
2866 2866
2867 2
2867 2867
2868 2249
2868 2868
2869 2
2869 2869
2870 244
2870 2870
2871 2766
2871 2871
2872 2872
2873 2873
2874 1
2874 2874
2875 1441
2875 2
2875 2875
2876 78
2876 2876
2877 337
2877 2877
2878 2
2878 2878
2879 91
2879 2879
2880 0
2880 47
2880 2880
2881 2
2881 7
2881 2881
2882 2
2882 2882
2883 2173
2883 2883
2884 45
2884 2884
2885 2873
2885 2885
2886 1441
2886 2886
2887 0
2887 2887
2888 2
2888 2888
2889 255
2889 2889
2890 2546
2890 2890
2891 91
2891 2891
2892 7
2892 2892
2893 2483
2893 2893
2894 91
2894 2894
2895 147
2895 2895
2896 1054
2896 2896
2897 63
2897 2897
2898 156
2898 2898
2899 2
2899 2899
2900 2
2900 2900
2901 2901
2902 1027
2902 2902
2903 1231
2903 2903
2904 2904
2905 2
2905 2905
2906 2906
2907 21
2907 2907
2908 2
2908 2908
2909 1908
2909 2909
2910 1
2910 2910
2911 2
2911 2911
2912 2912
2913 2
2913 2913
2914 2
2914 2914
2915 1
2915 2915
2916 2
2916 2916
2917 1561
2917 2917
2918 2
2918 2918
2919 2919
2920 520
2920 2920
2921 2
2921 2921
2922 0
2922 2922
2923 2923
2924 1032
2924 2924
2925 67
2925 2925
2926 462
2926 2926
2927 1
2927 2927
2928 1
2928 2928
2929 1
2929 2929
2930 2
2930 2930
2931 32
2931 2931
2932 2731
2932 2932
2933 186
2933 2933
2934 2
2934 2934
2935 2
2935 2935
2936 1950
2936 2936
2937 2
2937 2937
2938 2938
2939 2810
2939 2939
2940 7
2940 2940
2941 2
2941 2941
2942 1158
2942 2942
2943 21
2943 2943
2944 56
2944 2944
2945 2
2945 2945
2946 2554
2946 2946
2947 442
2947 2947
2948 1
2948 2948
2949 201
2949 2949
2950 256
2950 2950
2951 140
2951 2951
2952 1
2952 2952
2953 1
2953 2953
2954 244
2954 2954
2955 690
2955 2955
2956 52
2956 2956
2957 2
2957 2957
2958 2958
2959 35
2959 2959
2960 2960
2961 1
2961 2961
2962 1646
2962 2962
2963 98
2963 2963
2964 1
2964 2964
2965 2
2965 2965
2966 1
2966 2966
2967 2
2967 2967
2968 0
2968 2968
2969 244
2969 2969
2970 2
2970 2970
2971 671
2971 2971
2972 0
2972 2972
2973 2
2973 2973
2974 1
2974 2974
2975 2
2975 2975
2976 140
2976 2976
2977 2
2977 2977
2978 0
2978 2978
2979 2
2979 2979
2980 201
2980 2980
2981 2
2981 2981
2982 874
2982 2982
2983 7
2983 2983
2984 2
2984 2984
2985 0
2985 2985
2986 2
2986 2986
2987 2
2987 2987
2988 2401
2988 2988
2989 2989
2990 1
2990 2990
2991 1189
2991 2991
2992 0
2992 2992
2993 63
2993 2993
2994 679
2994 2994
2995 443
2995 2995
2996 2
2996 2996
2997 1857
2997 2997
2998 1796
2998 2998
2999 664
2999 2999
